0.0000000000000000
0.0000000000000000
0.0000000000000000
0.0000000000000000
0.0000000000000000
0.0000000000000000
0.0000000000000000
0.0000000000000000
0.0000000000000000
0.0000000000000000
0.0000000000000000
0.0000000000000000
0.0000000000000000
0.0000000000000000
0.0000000000000000
0.0000000000000000
0.0000000000000000
0.0000000000000000
0.0000000000000000
0.0000000000000000
0.0000000000000000
0.0000000000000000
0.0000000000000000
0.0000000000000000
0.0000000000000000
0.0000000000000000
0.0000000000000000
0.0000000000000000
0.0000000000000000
0.0000000000000000
0.0000000000000000
0.0000000000000000
0.0000000000000000
0.0000000000000000
0.0000000000000000
0.0000000000000000
0.0000000000000000
0.0000000000000000
0.0000000000000000
0.0000000000000000
0.0000000000000000
0.0000000000000000
0.0000000000000000
0.0000000000000000
0.0000000000000000
0.0000000000000000
0.0000000000000000
0.0000000000000000
0.0000000000000000
0.0000000000000000
0.0000000000000000
0.0000000000000000
0.0000000000000000
0.0000000000000000
0.0000000000000000
0.0000000000000000
0.0000000000000000
0.0000000000000000
0.0000000000000000
0.0000000000000000
0.0000000000000000
0.0000000000000000
0.0000000000000000
0.0000000000000000
0.0000000000000000
0.0000000000000000
0.0000000000000000
0.0000000000000000
0.0000000000000000
0.0000000000000000
0.0000000000000000
0.0000000000000000
0.0000000000000000
0.0000000000000000
0.0000000000000000
0.0000000000000000
0.0000000000000000
0.0000000000000000
0.0000000000000000
0.0000000000000000
0.0000000000000000
0.0000000000000000
0.0000000000000000
0.0000000000000000
0.0000000000000000
0.0000000000000000
0.0000000000000000
0.0000000000000000
0.0000000000000000
0.0000000000000000
0.0000000000000000
0.0000000000000000
0.0000000000000000
0.0000000000000000
0.0000000000000000
0.0000000000000000
0.0000000000000000
0.0000000000000000
0.0000000000000000
0.0000000000000000
0.0000000000000000
0.0000000000000000
0.0000000000000000
0.0000000000000000
0.0000000000000000
0.0000000000000000
0.0000000000000000
0.0000000000000000
0.0000000000000000
0.0000000000000000
0.0000000000000000
0.0000000000000000
0.0000000000000000
0.0000000000000000
0.0000000000000000
0.0000000000000000
0.0000000000000000
0.0000000000000000
0.0000000000000000
0.0000000000000000
0.0000000000000000
0.0000000000000000
0.0000000000000000
0.0000000000000000
0.0000000000000000
0.0000000000000000
0.0000000000000000
0.0000000000000000
0.0000000000000000
0.0000000000000000
0.0000000000000000
0.0000000000000000
0.0000000000000000
0.0000000000000000
0.0000000000000000
0.0000000000000000
0.0000000000000000
0.0000000000000000
0.0000000000000000
0.0000000000000000
0.0000000000000000
0.0000000000000000
0.0000000000000000
0.0000000000000000
0.0000000000000000
0.0000000000000000
0.0000000000000000
0.0000000000000000
0.0000000000000000
0.0000000000000000
0.0000000000000000
0.0000000000000000
0.0000000000000000
0.0000000000000000
0.0000000000000000
0.0000000000000000
0.0000000000000000
0.0000000000000000
0.0000000000000000
0.0000000000000000
0.0000000000000000
0.0000000000000000
0.0000000000000000
0.0000000000000000
0.0000000000000000
0.0000000000000000
0.0000000000000000
0.0000000000000000
0.0000000000000000
0.0000000000000000
0.0000000000000000
0.0000000000000000
0.0000000000000000
0.0000000000000000
0.0000000000000000
0.0000000000000000
0.0000000000000000
0.0000000000000000
0.0000000000000000
0.0000000000000000
0.0000000000000000
0.0000000000000000
0.0000000000000000
0.0000000000000000
0.0000000000000000
0.0000000000000000
0.0000000000000000
0.0000000000000000
0.0000000000000000
0.0000000000000000
0.0000000000000000
0.0000000000000000
0.0000000000000000
0.0000000000000000
0.0000000000000000
0.0000000000000000
0.0000000000000000
0.0000000000000000
0.0000000000000000
0.0000000000000000
1.4373044515048097
1.6210436329541640
0.6653681995477863
-0.1828698981618143
-0.0709148519839061
0.4840115986935375
0.3279457328239812
-0.8010522926275525
-1.8268560193349290
-1.5462102972093099
-0.0657872957018074
1.2586038379639544
1.3273091202040321
0.4743029632335007
-0.0557743258130766
0.3328403506203576
0.8832949236647879
0.4801397875760993
-0.8778625515685388
-1.9343339057918363
-1.5750422603928314
-0.1212209619334602
1.0240855633196817
0.9612069805386855
0.2354958461409414
0.0448429710295170
0.7052657839866994
1.2458325945704996
0.6270020786259546
-0.8964752317448296
-1.9387807075109529
-1.5180260796489438
-0.1568721126220924
0.7504057059878133
0.5425418728376150
-0.0395859664295367
0.1134205007431122
1.0268301489252964
1.5503163276162042
0.7554201786421697
-0.8614681861268899
-1.8414370174774743
-1.3744281297172036
-0.1650901794692201
0.4557400090376886
0.0942127851888103
-0.3362481544115957
0.1476634596735455
1.2815699210426694
1.7783853878356692
0.8526282256293432
-0.7807902805874775
-1.6493383424376411
-1.1487783189221084
-0.1407192991224814
0.1585641276977430
-0.3591352185057761
-0.6374180491834289
0.1486109208215627
1.4579534719771254
1.9157872661467867
0.9072264204094672
-0.6650118843919303
-1.3748210332424071
-0.8507584510391050
-0.0816214346586187
-0.1235442261757017
-0.7925678237268811
-0.9246893399830466
0.1204388097843700
1.5494480052336908
1.9532997968926662
0.9101359993483351
-0.5264152485864864
-1.0347105965905694
-0.4947562743398053
0.0110358174209005
-0.3750019762287091
-1.1823360087320500
-1.1794960159002013
0.0700168083566745
1.5547589021842629
1.8873537721006004
0.8554179925972871
-0.3779937925062528
-0.6492465676644990
-0.0991075748080117
0.1327516512163202
-0.5831453283781136
-1.5072763208035236
-1.3843386236305111
0.0062552900188194
1.4777328891195187
1.7203138796792188
0.7408925304063751
-0.2324345634717658
-0.2408144692055639
0.3149304166794732
0.2759305956976437
-0.7389245565417668
-1.7500497129793064
-1.5239808078579724
-0.0607063240825157
1.3269385472550135
1.4603974255637797
0.5685084966031521
-0.1011580958759165
0.1674329705895992
0.7244127529740979
0.4303734899997248
-0.8373279198633709
-1.8981422081723789
-1.5865345157946773
-0.1204068723149109
1.1149586187367138
1.1212333833372741
0.3444300823092004
0.0065153796849877
0.5529769582016753
1.1060716803137831
0.5839884580413641
-0.8775130668539360
-1.9445660334404358
-1.5643582221176207
-0.1629965473376612
0.8574469274049963
0.7210873373417802
0.0788261333590139
0.0840145285454118
0.8952673479479687
1.4377272371992360
0.7236728780010234
-0.8626448472364838
-1.8882191647227584
-1.4547037188776528
-0.1801240025199643
0.5720173306179530
0.2817993349422842
-0.2146312069257298
0.1279356414025222
1.1769075355907428
1.6996540528124291
0.8363041267012756
-0.7994587962514488
-1.7338831694370405
-1.2600627133142963
-0.1657089872292528
0.2770420079445556
-0.1724998706463867
-0.5195315983850496
0.1382040802103360
1.3846169269554891
1.8758167019484078
0.9097679790661871
-0.6975882810001688
-1.4918623864628282
-0.9881836698138388
-0.1165402847937524
-0.0095590410276263
-0.6168144398495017
-0.8177094932461701
0.1179700881062942
1.5099138018924316
1.9548935814698689
0.9339496201704502
-0.5687091280293421
-1.1772903199206048
-0.6517507610134841
-0.0326513676873230
-0.2714564247283164
-1.0267620557392778
-1.0903831522585437
0.0732501488272352
1.5494803979900735
1.9310221752408838
0.9016135998628106
-0.4255674183452258
-0.8091501499881578
-0.2677390373166888
0.0825576788197288
-0.4949033005583453
-1.3800132651606765
-1.3193758392781558
0.0123437044237031
1.5051933287814714
1.8042159484258817
0.8091056780886273
-0.2809632537844491
-0.4090741109670722
0.1435185014079919
0.2224649163621039
-0.6695178158894239
-1.6576018730290634
-1.4883382459155756
-0.0549285671631998
1.3838245918624814
1.5804238353982769
0.6568209578162275
-0.1467652141459974
-0.0000000000000201
0.5594967940102133
0.3776313957243795
-0.7888085549601971
-1.8450250804430683
-1.5838895243652860
-0.1181057076465748
1.1964399308139197
1.2712260092350967
0.4493982281708484
-0.0330268479036627
0.3952286025491257
0.9568064122401663
0.5364402554045739
-0.8504140317988238
-1.9330656637753245
-1.5965982329284825
-0.1670187590569356
0.9575407618265193
0.8931828588201742
0.1956190009284452
0.0527318513094026
0.7552292112185908
1.3126004250466732
0.6859267172854165
-0.8560475189686995
-1.9182864359458436
-1.5217338183584146
-0.1927026789619597
0.6840119814777380
0.4668763277021676
-0.0919899411697048
0.1060278098176372
1.0613284538854113
1.6059716478757136
0.8127410321616354
-0.8111590597019221
-1.8031683282741682
-1.3597333969757741
-0.1882176037622442
0.3939496909092656
0.0157025262152456
-0.3978309482103316
0.1256691488559086
1.2986140873607246
1.8192511223075687
0.9041758371431252
-0.7243459592678581
-1.5958862914702627
-1.1163466460715572
-0.1493156681007040
0.1054494623420241
-0.4355094850472095
-0.7041476528264221
0.1137449748652882
1.4567276384505452
1.9391241450360366
0.9491835719403128
-0.6065600594952961
-1.3097403343856149
-0.8024424001132557
-0.0749007193186323
-0.1645631526674616
-0.8619666789096685
-0.9921184061433956
0.0753548036718720
1.5303520735017733
1.9574911564601392
0.9393090110326702
-0.4701735151562617
-0.9622808833977260
-0.4334826908189592
0.0327567473895025
-0.4013826301800976
-1.2403771452474797
-1.2430609174587222
0.0181008415542574
1.5193694634965091
1.8720166136672618
0.8694666913556924
-0.3279737153012617
-0.5741868263724247
-0.0286920025558474
0.1680693180156557
-0.5933863766762952
-1.5503199270052133
-1.4396689981141348
-0.0486163096375207
1.4286855731691877
1.6863285924543461
0.7385027686288055
-0.1921618458719830
-0.1679698588456468
0.3900300417605470
0.3224475984055547
-0.7326569886643414
-1.7754344822011994
-1.5671985665348787
-0.1144435975095258
1.2677401858853810
1.4098540139302402
0.5494949862681060
-0.0734281461718960
0.2334109022744869
0.7993868737599696
0.4848613840818606
-0.8153278585308874
-1.9043563547530620
-1.6145219146214407
-0.1689978290598905
1.0497423216741748
1.0572976267959637
0.3097620457145029
0.0198296858868481
0.6079352793400181
1.1760750437628051
0.6426097580369655
-0.8416358569649702
-1.9313420588315979
-1.5749766005304906
-0.2027934318270112
0.7906869686707966
0.6477956743154014
0.0305735363514424
0.0820897358662869
0.9358216495777290
1.4981989068202259
0.7822469932932279
-0.8156853982687263
-1.8565462305453035
-1.4469477783159164
-0.2081042542065964
0.5082233874122184
0.2037960384158468
-0.2734276383078325
0.1110506406574006
1.2006588546599319
1.7466201007408120
0.8905989580852578
-0.7449481819887374
-1.6859364543088895
-1.2341395115835720
-0.1796926633180691
0.2204536022039502
-0.2502657893414875
-0.5850581425178829
0.1077155886824586
1.3903014291960640
1.9061552754231443
0.9557970713324615
-0.6395409297738087
-1.4308543575759261
-0.9455105601975271
-0.1153487134507697
-0.0552571599184777
-0.6894124638883874
-0.8856318675215361
0.0762125600568540
1.4974755498199854
1.9665445112985265
0.9682543110270931
-0.5113382724145974
-1.1072540643886897
-0.5948719652980091
-0.0161958515195310
-0.3033787381660115
-1.0896020496395340
-1.1561367095161881
0.0233672168085126
1.5200627496598424
1.9231269721330810
0.9215105620656284
-0.3729885894840819
-0.7346694339290947
-0.2001660402149724
0.1132634623238348
-0.5111514243835746
-1.4291446278001922
-1.3784739611917072
-0.0419370173243845
1.4610500177039523
1.7771786702062888
0.8128825569616693
-0.2369063598823928
-0.3349783621773313
0.2175323851933061
0.2653698997159770
-0.6692993828211322
-1.6899700996121494
-1.5366780359424528
-0.1095615736929384
1.3281569543514966
1.5358885923473293
0.6438663054584801
-0.1143150861039840
0.0689552934420962
0.6352328501944012
0.4297852203367810
-0.7724793741281261
-1.8586687389511329
-1.6180339887498958
0.0000000000000000
0.0000000000000000
0.0000000000000000
0.0000000000000000
0.0000000000000000
0.0000000000000000
0.0000000000000000
0.0000000000000000
0.0000000000000000
0.0000000000000000
0.0000000000000000
0.0000000000000000
0.0000000000000000
0.0000000000000000
0.0000000000000000
0.0000000000000000
0.0000000000000000
0.0000000000000000
0.0000000000000000
0.0000000000000000
0.0000000000000000
0.0000000000000000
0.0000000000000000
0.0000000000000000
0.0000000000000000
0.0000000000000000
0.0000000000000000
0.0000000000000000
0.0000000000000000
0.0000000000000000
0.0000000000000000
0.0000000000000000
0.0000000000000000
0.0000000000000000
0.0000000000000000
0.0000000000000000
0.0000000000000000
0.0000000000000000
0.0000000000000000
0.0000000000000000
0.0000000000000000
0.0000000000000000
0.0000000000000000
0.0000000000000000
0.0000000000000000
0.0000000000000000
0.0000000000000000
0.0000000000000000
0.0000000000000000
0.0000000000000000
0.0000000000000000
0.0000000000000000
0.0000000000000000
0.0000000000000000
0.0000000000000000
0.0000000000000000
0.0000000000000000
0.0000000000000000
0.0000000000000000
0.0000000000000000
0.0000000000000000
0.0000000000000000
0.0000000000000000
0.0000000000000000
0.0000000000000000
0.0000000000000000
0.0000000000000000
0.0000000000000000
0.0000000000000000
0.0000000000000000
0.0000000000000000
0.0000000000000000
0.0000000000000000
0.0000000000000000
0.0000000000000000
0.0000000000000000
0.0000000000000000
0.0000000000000000
0.0000000000000000
0.0000000000000000
0.0000000000000000
0.0000000000000000
0.0000000000000000
0.0000000000000000
0.0000000000000000
0.0000000000000000
0.0000000000000000
0.0000000000000000
0.0000000000000000
0.0000000000000000
0.0000000000000000
0.0000000000000000
0.0000000000000000
0.0000000000000000
0.0000000000000000
0.0000000000000000
0.0000000000000000
0.0000000000000000
0.0000000000000000
0.0000000000000000
0.0000000000000000
0.0000000000000000
0.0000000000000000
0.0000000000000000
0.0000000000000000
0.0000000000000000
0.0000000000000000
0.0000000000000000
0.0000000000000000
0.0000000000000000
0.0000000000000000
0.0000000000000000
0.0000000000000000
0.0000000000000000
0.0000000000000000
0.0000000000000000
0.0000000000000000
0.0000000000000000
0.0000000000000000
0.0000000000000000
0.0000000000000000
0.0000000000000000
0.0000000000000000
0.0000000000000000
0.0000000000000000
0.0000000000000000
0.0000000000000000
0.0000000000000000
0.0000000000000000
0.0000000000000000
0.0000000000000000
0.0000000000000000
0.0000000000000000
0.0000000000000000
0.0000000000000000
0.0000000000000000
0.0000000000000000
0.0000000000000000
0.0000000000000000
0.0000000000000000
0.0000000000000000
0.0000000000000000
0.0000000000000000
0.0000000000000000
0.0000000000000000
0.0000000000000000
0.0000000000000000
0.0000000000000000
0.0000000000000000
0.0000000000000000
0.0000000000000000
0.0000000000000000
0.0000000000000000
0.0000000000000000
0.0000000000000000
0.0000000000000000
0.0000000000000000
0.0000000000000000
0.0000000000000000
0.0000000000000000
0.0000000000000000
0.0000000000000000
0.0000000000000000
0.0000000000000000
0.0000000000000000
0.0000000000000000
0.0000000000000000
0.0000000000000000
0.0000000000000000
0.0000000000000000
0.0000000000000000
0.0000000000000000
0.0000000000000000
0.0000000000000000
0.0000000000000000
0.0000000000000000
0.0000000000000000
0.0000000000000000
0.0000000000000000
0.0000000000000000
0.0000000000000000
0.0000000000000000
0.0000000000000000
0.0000000000000000
0.0000000000000000
0.0000000000000000
0.0000000000000000
0.0000000000000000
0.0000000000000000
0.0000000000000000
0.0000000000000000
0.0000000000000000
0.0000000000000000
0.0000000000000000
0.0000000000000000
0.0000000000000000
0.0000000000000000
0.0000000000000000
0.0000000000000000
0.0000000000000000
0.0000000000000000
0.0000000000000000
0.0000000000000000
0.0000000000000000
0.0000000000000000
0.0000000000000000
0.0000000000000000
0.0000000000000000
0.0000000000000000
0.0000000000000000
0.0000000000000000
0.0000000000000000
0.0000000000000000
0.0000000000000000
0.0000000000000000
0.0000000000000000
0.0000000000000000
0.0000000000000000
0.0000000000000000
0.0000000000000000
0.0000000000000000
0.0000000000000000
0.0000000000000000
0.0000000000000000
0.0000000000000000
0.0000000000000000
0.0000000000000000
0.0000000000000000
0.0000000000000000
0.0000000000000000
0.0000000000000000
0.0000000000000000
0.0000000000000000
0.0000000000000000
0.0000000000000000
0.0000000000000000
0.0000000000000000
0.0000000000000000
0.0000000000000000
0.0000000000000000
0.0000000000000000
0.0000000000000000
0.0000000000000000
0.0000000000000000
0.0000000000000000
0.0000000000000000
0.0000000000000000
0.0000000000000000
0.0000000000000000
0.0000000000000000
0.0000000000000000
0.0000000000000000
0.0000000000000000
0.0000000000000000
0.0000000000000000
0.0000000000000000
0.0000000000000000
0.0000000000000000
0.0000000000000000
0.0000000000000000
0.0000000000000000
0.0000000000000000
0.0000000000000000
0.0000000000000000
0.0000000000000000
0.0000000000000000
0.0000000000000000
0.0000000000000000
0.0000000000000000
0.0000000000000000
0.0000000000000000
0.0000000000000000
0.0000000000000000
0.0000000000000000
0.0000000000000000
0.0000000000000000
0.0000000000000000
0.0000000000000000
0.0000000000000000
0.0000000000000000
0.0000000000000000
0.0000000000000000
0.0000000000000000
0.0000000000000000
0.0000000000000000
0.0000000000000000
0.0000000000000000
0.0000000000000000
0.0000000000000000
0.0000000000000000
0.0000000000000000
0.0000000000000000
0.0000000000000000
0.0000000000000000
0.0000000000000000
0.0000000000000000
0.0000000000000000
0.0000000000000000
0.0000000000000000
0.0000000000000000
0.0000000000000000
0.0000000000000000
0.0000000000000000
0.0000000000000000
0.0000000000000000
0.0000000000000000
0.0000000000000000
0.0000000000000000
0.0000000000000000
0.0000000000000000
0.0000000000000000
0.0000000000000000
0.0000000000000000
0.0000000000000000
0.0000000000000000
0.0000000000000000
0.0000000000000000
0.0000000000000000
0.0000000000000000
0.0000000000000000
0.0000000000000000
0.0000000000000000
0.0000000000000000
0.0000000000000000
0.0000000000000000
0.0000000000000000
0.0000000000000000
0.0000000000000000
0.0000000000000000
0.0000000000000000
0.0000000000000000
0.0000000000000000
0.0000000000000000
0.0000000000000000
0.0000000000000000
0.0000000000000000
0.0000000000000000
0.0000000000000000
0.0000000000000000
0.0000000000000000
0.0000000000000000
0.0000000000000000
0.0000000000000000
0.0000000000000000
0.0000000000000000
0.0000000000000000
0.0000000000000000
0.0000000000000000
0.0000000000000000
0.0000000000000000
0.0000000000000000
0.0000000000000000
0.0000000000000000
0.0000000000000000
0.0000000000000000
0.0000000000000000
0.0000000000000000
0.0000000000000000
0.0000000000000000
0.0000000000000000
0.0000000000000000
0.0000000000000000
0.0000000000000000
0.0000000000000000
0.0000000000000000
0.0000000000000000
0.0000000000000000
0.0000000000000000
0.0000000000000000
0.0000000000000000
0.0000000000000000
0.0000000000000000
0.0000000000000000
0.0000000000000000
0.0000000000000000
0.0000000000000000
0.0000000000000000
0.0000000000000000
0.0000000000000000
0.0000000000000000
0.0000000000000000
0.0000000000000000
0.0000000000000000
0.0000000000000000
0.0000000000000000
0.0000000000000000
0.0000000000000000
0.0000000000000000
0.0000000000000000
0.0000000000000000
0.0000000000000000
0.0000000000000000
0.0000000000000000
0.0000000000000000
0.0000000000000000
0.0000000000000000
0.0000000000000000
0.0000000000000000
0.0000000000000000
0.0000000000000000
1.3875588313173819
1.7527806763722409
0.9911638744964556
-0.0556630275990162
-0.4672012033492922
-0.1298901431097995
0.2364438212823359
-0.0875364189861526
-0.9959497518919205
-1.5998764592323131
-1.1128435891451347
0.3071366713434690
1.6194757597860667
1.8329861829156884
0.9054141477975339
-0.2644316133446188
-0.7293606208166965
-0.3781144776359228
0.0568286563562793
-0.1545619494599556
-0.9214074701900457
-1.3876829304542875
-0.8165996446511035
0.5913655703066495
1.7907548082405906
1.8329409514880397
0.7436374462559855
-0.5227977139142149
-1.0005890414582699
-0.5926096513824822
-0.0561000074894669
-0.1410358337188609
-0.7756112285012841
-1.1343777218917932
-0.5218007432185126
0.8316371857794063
1.8884339602706408
1.7515640202789085
0.5169437362534788
-0.8107187391475078
-1.2577741323190093
-0.7539423391994861
-0.0922562011315016
-0.0491620795358342
-0.5724170333607479
-0.8614305261893777
-0.2512605474388288
1.0104676855362176
1.9054803470621908
1.5943339252556887
0.2417155012529391
-1.1057075038521071
-1.4789010964907943
-0.8469978780645020
-0.0478315798202591
0.1124531764835293
-0.3303366601181210
-0.5918597199961808
-0.0257814420697718
1.1153568912808587
1.8413605748337780
1.3728446916875983
-0.0617208317279932
-1.3846570674559462
-1.6448404441385893
-0.8622084756150625
0.0743948825853047
0.3295009978023161
-0.0710336842510581
-0.3483633015684209
0.1375333688391281
1.1398017077234097
1.7020834860089780
1.1038654269435080
-0.3707436181052765
-1.6257159114118189
-1.7409015749096264
-0.7963311483203178
0.2652819545016228
0.5831319281900642
0.1824363318502919
-0.1514758643499241
0.2266674575049278
1.0838227413313286
1.4997118833236383
0.8079798517046387
-0.6622710395575897
-1.8100612370573512
-1.7580260591155281
-0.6527122393132181
0.5100676936230992
0.8514868746585054
0.4074986428878387
-0.0179012146293861
0.2356658229847552
0.9539613612505193
1.2513828530117377
0.5079162052399165
-0.9146335067120135
-1.9234264366928335
-1.6935237525332998
-0.4410170428324077
0.7895672852349589
1.1114723230959724
0.5838930896782377
0.0408440165634357
0.1651174799442828
0.7627474417760378
0.9779162126923774
0.2267030942780363
-1.1093314290918652
-1.9572587456233943
-1.5512919901619204
-0.1764464822264200
1.0817299375366363
1.3406357828644597
0.6953199760922837
0.0193656621540270
0.0221068119614198
0.5276809932040771
0.7021240435620222
-0.0141990159668074
-1.2325356660484093
-1.9094131029743253
-1.3415000653501874
0.1214955730676584
1.3634284531834808
1.5189892205160365
0.7307644489638627
-0.0811697140693509
-0.1803623612099329
0.2698103480314418
0.4469585309755665
-0.1966389928244341
-1.2762088602796471
-1.7843258973477698
-1.0797646061865509
0.4305842892490624
1.6123362087308442
1.6306324647562205
0.6853918735642643
-0.2531291489273628
-0.4244232505023232
0.0120223191070588
0.2336484628059297
-0.3072475685192163
-1.2387566304127677
-1.5926544937473639
-0.7858827874696659
0.7276767319123656
1.8087391783031768
1.6650448021123818
0.5609415217016057
-0.4830325525682393
-0.6887973392095185
-0.2228168729715799
0.0799756556580518
-0.3385216815051926
-1.1251557628396978
-1.3504118034133632
-0.4822262092854149
0.9905892650570438
1.9371359105807007
1.6179399173881572
0.3655866140112021
-0.7526466531460523
-0.9505225942785384
-0.4137189921141829
-0.0011687796578496
-0.2894326058914521
-0.9465489976034668
-1.0776661481114345
-0.1919258186093376
1.1998970881524149
1.9874955810772028
1.4916147784835476
0.1132720767354921
-1.0404648126289726
-1.1868183589840839
-0.5432787239507699
-0.0028311379762003
-0.1655085046061423
-0.7193393023876947
-0.7969119576457832
0.0630047875667464
1.3405098345085058
1.9560719974210696
1.2947641442389999
-0.1774162301445483
-1.3234525897770570
-1.3769355436192430
-0.5990877588594281
0.0754401811362517
0.0216152943559972
-0.4638571577347382
-0.5312435594790144
0.2634553372152364
1.4028953324292668
1.8457074808710376
1.0417757520319997
-0.4847590237199992
-1.5789173542678003
-1.5038419242560610
-0.5747432317786830
0.2275578146816098
0.2551417916364725
-0.2027090374497585
-0.3024803033303693
0.3947691603597538
1.3838521910273975
1.6656019566040126
0.7515633976890757
-0.7856654763879356
-1.7863501860692090
-1.5556057447291525
-0.4703686578901923
0.4413894100541609
0.5144768290326097
0.0410588528597198
-0.1293952139900773
0.4479319250710567
1.2867684967534618
1.4305659970000304
0.4460326318830329
-1.0575464416931477
-1.9290905438861095
-1.5263653072348702
-0.2926050764426029
0.6997423331390551
0.7769018558120273
0.2458325197372888
-0.0261909616584602
0.4203023373038182
1.1213456216777331
1.1598184522741231
0.1483036195491326
-1.2801469693046930
-1.9956785732160471
-1.4168058443250584
-0.0540731208772910
0.9817591770372821
1.0194191612694687
0.3931858524303089
-0.0013468630843072
0.3158254906314006
0.9028095641375815
0.8754262709319400
-0.1191645788523936
-1.4371893553553439
-1.9807852804032291
-1.2341049615211226
0.2276503189869986
1.2646107909835154
1.2206197860035672
0.4693775026579453
-0.0569305083109529
0.1447115478688100
0.6506738419447098
0.6005131577674758
-0.3363960433233172
-1.5176933541622653
-1.8856450658100006
-0.9913510785749258
0.5314577739268834
1.5253493977843386
1.3624224834347811
0.4664674635753674
-0.1884298918082304
-0.0773941616993536
0.3871543610821028
0.3573824817262972
-0.4875184443732842
-1.5168663837848491
-1.7179555052316853
-0.7064820767546424
0.8344234827490827
1.7427713728906555
1.4315425705778670
0.3829627088637815
-0.3851196747753086
-0.3306822613913322
0.1353649337217670
0.1657068067090006
-0.5620503676916060
-1.4364914636376409
-1.4912525148144131
-0.4008303068268563
1.1136632958610382
1.8991384739124844
1.4205714333268142
0.2239394814566571
-0.6309318472515710
-0.5927884786399326
-0.0825600748124310
0.0409310102492909
-0.5557510154967942
-1.2847813939959225
-1.2238116204883009
-0.0973920660883578
1.3481912178924869
1.9816177996586348
1.3285790566430060
0.0006323044174348
-0.9057601139692764
-0.8406102052670148
-0.2472635752120953
-0.0069813830278752
-0.4709633107200878
-1.0757110150655751
-0.9371645214020219
0.1810379809662022
1.5206218850981095
1.9833235899095516
1.1611906685069067
-0.2704769246435144
-1.1870921203120735
-1.0521830064205797
-0.3437381199205135
0.0256431132385655
-0.3164225532440217
-0.8278817501988174
-0.6543513653536526
0.4137160005603971
1.6185807795130649
1.9038762977122654
0.9301312753299625
-0.5689958134710845
-1.4518370222853441
-1.2084647517256064
-0.3625451678960886
0.1358898879905852
-0.1065461612673670
-0.5630106046850171
-0.3980506077880317
0.5836316981211533
1.6357077063073993
1.7494335513965842
0.6522750604551013
-0.8722758087397522
-1.6782000473210061
-1.2948825409664908
-0.3005822738637178
0.3144929946785062
0.1397378461801104
-0.3041662763768148
-0.1887382630704082
0.6788879441197944
1.5721720776555148
1.5321904928727936
0.3482768101340168
-1.1572496933241991
-1.8474518782377176
-1.3025168517756509
-0.1613359247826348
0.5465875150019579
0.4005285268274653
-0.0738955626074524
-0.0430259708060559
0.6936653268115035
1.4346581755591430
1.2693900521614456
0.0408964603016667
-1.4023030889536747
-1.9454492303918043
-1.2288267853201531
0.0454005011132989
0.8129164511692213
0.6527310310391303
0.1076078469503151
0.0276872153643080
0.6286933350071360
1.2358215905360557
0.9819234990396625
-0.2468472315976118
-1.5890280455348971
-1.9637831889422408
-1.0778575373686585
0.3043207586268700
1.0913941769811542
0.8739325435005314
0.2241435425292518
0.0181398755255071
0.4911899233527107
0.9932609604052465
0.6926348719466868
-0.4935440147062227
-1.7037163700389477
-1.9004620897261573
-0.8599132524945136
0.5958472888948982
1.3588995343438908
1.0442228702748286
0.2648203899428089
-0.0703649828286960
0.2942743666778826
0.7280884789250276
0.4244669220510566
-0.6811288930776513
-1.7384714744858705
-1.7600735106700802
0.0000000000000000
0.0000000000000000
0.0000000000000000
0.0000000000000000
0.0000000000000000
0.0000000000000000
0.0000000000000000
0.0000000000000000
0.0000000000000000
0.0000000000000000
0.0000000000000000
0.0000000000000000
0.0000000000000000
0.0000000000000000
0.0000000000000000
0.0000000000000000
0.0000000000000000
0.0000000000000000
0.0000000000000000
0.0000000000000000
0.0000000000000000
0.0000000000000000
0.0000000000000000
0.0000000000000000
0.0000000000000000
0.0000000000000000
0.0000000000000000
0.0000000000000000
0.0000000000000000
0.0000000000000000
0.0000000000000000
0.0000000000000000
0.0000000000000000
0.0000000000000000
0.0000000000000000
0.0000000000000000
0.0000000000000000
0.0000000000000000
0.0000000000000000
0.0000000000000000
0.0000000000000000
0.0000000000000000
0.0000000000000000
0.0000000000000000
0.0000000000000000
0.0000000000000000
0.0000000000000000
0.0000000000000000
0.0000000000000000
0.0000000000000000
0.0000000000000000
0.0000000000000000
0.0000000000000000
0.0000000000000000
0.0000000000000000
0.0000000000000000
0.0000000000000000
0.0000000000000000
0.0000000000000000
0.0000000000000000
0.0000000000000000
0.0000000000000000
0.0000000000000000
0.0000000000000000
0.0000000000000000
0.0000000000000000
0.0000000000000000
0.0000000000000000
0.0000000000000000
0.0000000000000000
0.0000000000000000
0.0000000000000000
0.0000000000000000
0.0000000000000000
0.0000000000000000
0.0000000000000000
0.0000000000000000
0.0000000000000000
0.0000000000000000
0.0000000000000000
0.0000000000000000
0.0000000000000000
0.0000000000000000
0.0000000000000000
0.0000000000000000
0.0000000000000000
0.0000000000000000
0.0000000000000000
0.0000000000000000
0.0000000000000000
0.0000000000000000
0.0000000000000000
0.0000000000000000
0.0000000000000000
0.0000000000000000
0.0000000000000000
0.0000000000000000
0.0000000000000000
0.0000000000000000
0.0000000000000000
0.0000000000000000
0.0000000000000000
0.0000000000000000
0.0000000000000000
0.0000000000000000
0.0000000000000000
0.0000000000000000
0.0000000000000000
0.0000000000000000
0.0000000000000000
0.0000000000000000
0.0000000000000000
0.0000000000000000
0.0000000000000000
0.0000000000000000
0.0000000000000000
0.0000000000000000
0.0000000000000000
0.0000000000000000
0.0000000000000000
0.0000000000000000
0.0000000000000000
0.0000000000000000
0.0000000000000000
0.0000000000000000
0.0000000000000000
0.0000000000000000
0.0000000000000000
0.0000000000000000
0.0000000000000000
0.0000000000000000
0.0000000000000000
0.0000000000000000
0.0000000000000000
0.0000000000000000
0.0000000000000000
0.0000000000000000
0.0000000000000000
0.0000000000000000
0.0000000000000000
0.0000000000000000
0.0000000000000000
0.0000000000000000
0.0000000000000000
0.0000000000000000
0.0000000000000000
0.0000000000000000
0.0000000000000000
0.0000000000000000
0.0000000000000000
0.0000000000000000
0.0000000000000000
0.0000000000000000
0.0000000000000000
0.0000000000000000
0.0000000000000000
0.0000000000000000
0.0000000000000000
0.0000000000000000
0.0000000000000000
0.0000000000000000
0.0000000000000000
0.0000000000000000
0.0000000000000000
0.0000000000000000
0.0000000000000000
0.0000000000000000
0.0000000000000000
0.0000000000000000
0.0000000000000000
0.0000000000000000
0.0000000000000000
0.0000000000000000
0.0000000000000000
0.0000000000000000
0.0000000000000000
0.0000000000000000
0.0000000000000000
0.0000000000000000
0.0000000000000000
0.0000000000000000
0.0000000000000000
0.0000000000000000
0.0000000000000000
0.0000000000000000
0.0000000000000000
0.0000000000000000
0.0000000000000000
0.0000000000000000
0.0000000000000000
0.0000000000000000
0.0000000000000000
0.0000000000000000
0.0000000000000000
0.0000000000000000
0.0000000000000000
0.0000000000000000
0.0000000000000000
0.0000000000000000
0.0000000000000000
0.0000000000000000
0.0000000000000000
0.0000000000000000
0.0000000000000000
0.0000000000000000
0.0000000000000000
0.0000000000000000
0.0000000000000000
0.0000000000000000
0.0000000000000000
0.0000000000000000
0.0000000000000000
0.0000000000000000
0.0000000000000000
0.0000000000000000
0.0000000000000000
0.0000000000000000
0.0000000000000000
0.0000000000000000
0.0000000000000000
0.0000000000000000
0.0000000000000000
0.0000000000000000
0.0000000000000000
0.0000000000000000
0.0000000000000000
0.0000000000000000
0.0000000000000000
0.0000000000000000
0.0000000000000000
0.0000000000000000
0.0000000000000000
0.0000000000000000
0.0000000000000000
0.0000000000000000
0.0000000000000000
0.0000000000000000
0.0000000000000000
0.0000000000000000
0.0000000000000000
0.0000000000000000
0.0000000000000000
0.0000000000000000
0.0000000000000000
0.0000000000000000
0.0000000000000000
0.0000000000000000
0.0000000000000000
0.0000000000000000
0.0000000000000000
0.0000000000000000
0.0000000000000000
0.0000000000000000
0.0000000000000000
0.0000000000000000
0.0000000000000000
0.0000000000000000
0.0000000000000000
0.0000000000000000
0.0000000000000000
0.0000000000000000
0.0000000000000000
0.0000000000000000
0.0000000000000000
0.0000000000000000
0.0000000000000000
0.0000000000000000
0.0000000000000000
0.0000000000000000
0.0000000000000000
0.0000000000000000
0.0000000000000000
0.0000000000000000
0.0000000000000000
0.0000000000000000
0.0000000000000000
0.0000000000000000
0.0000000000000000
0.0000000000000000
0.0000000000000000
0.0000000000000000
0.0000000000000000
0.0000000000000000
0.0000000000000000
0.0000000000000000
0.0000000000000000
0.0000000000000000
0.0000000000000000
0.0000000000000000
0.0000000000000000
0.0000000000000000
0.0000000000000000
0.0000000000000000
0.0000000000000000
0.0000000000000000
0.0000000000000000
0.0000000000000000
0.0000000000000000
0.0000000000000000
0.0000000000000000
0.0000000000000000
0.0000000000000000
0.0000000000000000
0.0000000000000000
0.0000000000000000
0.0000000000000000
0.0000000000000000
0.0000000000000000
0.0000000000000000
0.0000000000000000
0.0000000000000000
0.0000000000000000
0.0000000000000000
0.0000000000000000
0.0000000000000000
0.0000000000000000
0.0000000000000000
0.0000000000000000
0.0000000000000000
0.0000000000000000
0.0000000000000000
0.0000000000000000
0.0000000000000000
0.0000000000000000
0.0000000000000000
0.0000000000000000
0.0000000000000000
0.0000000000000000
0.0000000000000000
0.0000000000000000
0.0000000000000000
0.0000000000000000
0.0000000000000000
0.0000000000000000
0.0000000000000000
0.0000000000000000
0.0000000000000000
0.0000000000000000
0.0000000000000000
0.0000000000000000
0.0000000000000000
0.0000000000000000
0.0000000000000000
0.0000000000000000
0.0000000000000000
0.0000000000000000
0.0000000000000000
0.0000000000000000
0.0000000000000000
0.0000000000000000
0.0000000000000000
0.0000000000000000
0.0000000000000000
0.0000000000000000
0.0000000000000000
0.0000000000000000
0.0000000000000000
0.0000000000000000
0.0000000000000000
0.0000000000000000
0.0000000000000000
0.0000000000000000
0.0000000000000000
0.0000000000000000
0.0000000000000000
0.0000000000000000
0.0000000000000000
0.0000000000000000
0.0000000000000000
0.0000000000000000
0.0000000000000000
0.0000000000000000
0.0000000000000000
0.0000000000000000
0.0000000000000000
0.0000000000000000
0.0000000000000000
0.0000000000000000
0.0000000000000000
0.0000000000000000
0.0000000000000000
0.0000000000000000
0.0000000000000000
0.0000000000000000
0.0000000000000000
0.0000000000000000
0.0000000000000000
0.0000000000000000
0.0000000000000000
0.0000000000000000
0.0000000000000000
0.0000000000000000
0.0000000000000000
0.0000000000000000
0.0000000000000000
0.0000000000000000
0.0000000000000000
0.0000000000000000
0.0000000000000000
0.0000000000000000
1.3336396879162005
1.8354502589026145
1.2862281798460040
0.2040990390889066
-0.6058346804518557
-0.6954115398569028
-0.2811406849006826
0.0219384125826303
-0.2070889386257483
-0.7941967651196155
-1.1107956894533684
-0.6394502649213686
0.5197173661566776
1.6468310257668235
1.9312091228014752
1.1105869546386247
-0.3024810201055009
-1.3983850369460935
-1.5514300889968986
-0.8579886430243879
0.0096117730965942
0.3921720696287407
0.1753469656192033
-0.1748152308949538
-0.0846782840376694
0.5653744661792963
1.2839730646366321
1.3642955692793888
0.5059207932468399
-0.8658719307330988
-1.8701834677082703
-1.8291583891083247
-0.7873590096815168
0.5284854927701661
1.2748321242025094
1.1215121421430614
0.4418805479906458
-0.0709312145900691
-0.0199426241322824
0.3730994193577409
0.5054296178894728
-0.0227416119103983
-0.9895306269454156
-1.6726677534994192
-1.4281443993231528
-0.2498656677237936
1.1637363865015067
1.9097901599682967
1.5542223766529470
0.4391998738032485
-0.6160232200483552
-0.9669528439182690
-0.6131544084486161
-0.1130106973103600
-0.0402110062133781
-0.4587243817107536
-0.8684174408569321
-0.6670407840762058
0.2704267635149615
1.4015380163216646
1.8993195893032158
1.3088973047696848
-0.0609422200374829
-1.3418710870564443
-1.7509784505357766
-1.1610858488295686
-0.1442793728072285
0.5293827018946898
0.5122108233326529
0.1065567944492391
-0.0720917794243299
0.3096227398802298
0.9704918687490129
1.2387354909936694
0.6484252329127445
-0.6004067650516428
-1.7232224793086925
-1.9309703393305648
-1.0459554362911521
0.3484454803932727
1.3497154082885057
1.4137257749906378
0.7239884975472770
-0.0310122687302825
-0.2660357920123547
0.0251184075983847
0.3200318682897197
0.0859086403527312
-0.6913942027248483
-1.4342146168009748
-1.4348840421481950
-0.4726178555495166
0.9375681948743289
1.8907948233762379
1.7686565982115106
0.7040070625563342
-0.5390826105021986
-1.1672220305496215
-0.9490836504980926
-0.3229218720674913
0.0445558585698193
-0.1426313151503061
-0.5655995390673139
-0.6046216985876720
0.0650538462768293
1.1163651901815719
1.7758121780390179
1.4392507314320573
0.1923595054097372
-1.2037969589142308
-1.8667529017114171
-1.4471201726960525
-0.3607926663870663
0.5777311649074122
0.8088407252549190
0.4298604267453687
0.0287921110549884
0.1135411552692832
0.6369001784650344
1.0291021756696854
0.7127507956643782
-0.3416005069483745
-1.5049432191873955
-1.9418560055984886
-1.2687865683272874
0.1199788339587886
1.3327012543307402
1.6469351499129921
1.0282921771383948
0.0924690936717667
-0.4382206009318848
-0.3211082213182973
0.0627093555681011
0.1096965980783642
-0.4190040776737586
-1.1395821940880440
-1.3493961447666458
-0.6436262590295166
0.6792822939682690
1.7818927201958203
1.9093501560176329
0.9716087504613089
-0.3861203247317100
-1.2821781627305939
-1.2614145335718945
-0.5897616964296434
0.0407066796125184
0.1284587596278594
-0.2257121432078049
-0.4538362695353605
-0.0750029056561455
0.8178271710509967
1.5701468625566883
1.4861711860630802
0.4300004907513802
-1.0005479171130922
-1.8903489163994376
-1.6898913456158189
-0.6178344214244063
0.5367024997813448
1.0424870161747932
0.7690652058215603
0.2103707275940346
-0.0057133062450934
0.3107837106018619
0.7503924874051231
0.6888294900811627
-0.1161092621121487
-1.2362639086271425
-1.8594956187832128
-1.4322529824650578
-0.1318095558820782
1.2293530354608779
1.8024535229543814
1.3274374200437620
0.2863507137705756
-0.5244374437662844
-0.6383267946322174
-0.2468086801497883
0.0443897381628806
-0.1969866612168875
-0.8132088174351394
-1.1755383706276150
-0.7430004186973206
0.4158286242680770
1.5945167065595767
1.9626403778930777
1.2146793584894722
-0.1752411654164893
-1.3055112754324254
-1.5246362332786492
-0.8900997108454439
-0.0499807160689103
0.3331642598125943
0.1245280257587812
-0.2244660955034245
-0.1344711793961421
0.5334478749747933
1.2990877469307054
1.4416788403346761
0.6259809653437007
-0.7543478199822599
-1.8215841283703345
-1.8669346397330826
-0.8894404017811544
0.4140204858441036
1.1961189775667913
1.0965597415264721
0.4574840020674825
-0.0381974770306216
0.0188909591584642
0.4238447446042364
0.5746971020443159
0.0526022499416354
-0.9424936581030823
-1.6898752351177102
-1.5180360952528362
-0.3796583583517469
1.0530248595597052
1.8685081469198548
1.5943304304413251
0.5308625829908618
-0.5205765973836480
-0.9019286997221097
-0.5839222494929307
-0.1059309420289061
-0.0451640295569252
-0.4822566426036237
-0.9251460135798090
-0.7574140366174880
0.1744938345643924
1.3470577167199367
1.9226307007083911
1.4079787716094507
0.0701138568675315
-1.2392079879694609
-1.7175606753755874
-1.1972432701490212
-0.2176112300396545
0.4562879063354836
0.4574842680965264
0.0664516182224064
-0.1056036850805987
0.2892494515472247
0.9851787982901637
1.3060266704712487
0.7581066543557931
-0.4912234213958492
-1.6685102945894927
-1.9615705608064591
-1.1481499022513637
0.2249337427119594
1.2599679939405597
1.3856621649893308
0.7487938324943814
0.0179133290583976
-0.2152993385788147
0.0750115621729348
0.3766821726515647
0.1464077010327648
-0.6510222075388337
-1.4467443863426404
-1.5147770187338119
-0.5966463977234424
0.8236342761631960
1.8413083048241821
1.8046084614760780
0.8014349423991872
-0.4308441567314840
-1.0921845979251248
-0.9213956857627095
-0.3292386919043964
0.0232529624174849
-0.1741404614061529
-0.6169620768943294
-0.6813305263888505
-0.0195951601036239
1.0631843068626647
1.7917309313796954
1.5306616793369392
0.3233154696707559
-1.0933605566510292
-1.8252483407349851
-1.4836704251869399
-0.4450788388487606
0.4901945798530115
0.7471103388446469
0.3961687576135277
0.0111097332308623
0.1073786947024374
0.6546928558885281
1.0876864047449384
0.8100232802555709
-0.2386220954682649
-1.4466747032801255
-1.9644273868871036
-1.3675167156014068
-0.0091846653993628
1.2324084532355097
1.6130461299541408
1.0587274101934179
0.1561615915859204
-0.3737121613758608
-0.2685606821624998
0.1088384694572544
0.1541788851233897
-0.3888203924313115
-1.1503661135720753
-1.4191209445268020
-0.7586582695883300
0.5658365751609099
1.7253857518365976
1.9388619032300864
1.0709445816036178
-0.2673692752486139
-1.1960336429703970
-1.2318333892300866
-0.6066539338703655
0.0028680877113404
0.0859661368471157
-0.2749374970749986
-0.5175179945787032
-0.1457703013897029
0.7696813254321324
1.5804403950284187
1.5681864246851964
0.5569849786733481
-0.8852368064893174
-1.8403645482261970
-1.7235389368332195
-0.7096310813608618
0.4354991712587282
0.9713157883261496
0.7382921004190323
0.2069816939388178
0.0040874102087096
0.3352409680742097
0.8025850944423180
0.7727183808754164
-0.0229002830825639
-1.1776984011014409
-1.8742976848752750
-1.5245279542991665
-0.2627963751952915
1.1200960613134321
1.7608611151345701
1.3598072624043762
0.3623997274424975
-0.4453169756479807
-0.5798341335507692
-0.2083273096156733
0.0728067812233413
-0.1799793128050874
-0.8256733801804337
-1.2360317819348268
-0.8465940738503602
0.3067672145758701
1.5331765277753515
1.9844051117241288
1.3121944474826099
-0.0490885554705887
-1.2082645400041265
-1.4901704596996910
-0.9141626760869936
-0.1034100825742705
0.2774198162298500
0.0739434800025918
-0.2768066602311514
-0.1897144791141310
0.4940048433495805
1.3063937416252136
1.5136492441101375
0.7455015398362151
-0.6376957929235516
-1.7638425286967030
-1.8950425868942098
-0.9849489854700015
0.3010017105240550
1.1139704995935786
1.0651818261916344
0.4659149821652186
-0.0117490573287393
0.0532600877973949
0.4726619160317011
0.6453534443760238
0.1330882504904191
-0.8873009232067836
-1.6982506809602778
-1.6017100987711541
-0.5085369097517877
0.9373509789678025
1.8183536594344327
1.6251555010612539
0.6160840888832249
-0.4271256888239112
-0.8347352971261449
-0.5497165805996429
-0.0925091935871298
-0.0435126508329244
-0.5000000000000019
0.0000000000000000
0.0000000000000000
0.0000000000000000
0.0000000000000000
0.0000000000000000
0.0000000000000000
0.0000000000000000
0.0000000000000000
0.0000000000000000
0.0000000000000000
0.0000000000000000
0.0000000000000000
0.0000000000000000
0.0000000000000000
0.0000000000000000
0.0000000000000000
0.0000000000000000
0.0000000000000000
0.0000000000000000
0.0000000000000000
0.0000000000000000
0.0000000000000000
0.0000000000000000
0.0000000000000000
0.0000000000000000
0.0000000000000000
0.0000000000000000
0.0000000000000000
0.0000000000000000
0.0000000000000000
0.0000000000000000
0.0000000000000000
0.0000000000000000
0.0000000000000000
0.0000000000000000
0.0000000000000000
0.0000000000000000
0.0000000000000000
0.0000000000000000
0.0000000000000000
0.0000000000000000
0.0000000000000000
0.0000000000000000
0.0000000000000000
0.0000000000000000
0.0000000000000000
0.0000000000000000
0.0000000000000000
0.0000000000000000
0.0000000000000000
0.0000000000000000
0.0000000000000000
0.0000000000000000
0.0000000000000000
0.0000000000000000
0.0000000000000000
0.0000000000000000
0.0000000000000000
0.0000000000000000
0.0000000000000000
0.0000000000000000
0.0000000000000000
0.0000000000000000
0.0000000000000000
0.0000000000000000
0.0000000000000000
0.0000000000000000
0.0000000000000000
0.0000000000000000
0.0000000000000000
0.0000000000000000
0.0000000000000000
0.0000000000000000
0.0000000000000000
0.0000000000000000
0.0000000000000000
0.0000000000000000
0.0000000000000000
0.0000000000000000
0.0000000000000000
0.0000000000000000
0.0000000000000000
0.0000000000000000
0.0000000000000000
0.0000000000000000
0.0000000000000000
0.0000000000000000
0.0000000000000000
0.0000000000000000
0.0000000000000000
0.0000000000000000
0.0000000000000000
0.0000000000000000
0.0000000000000000
0.0000000000000000
0.0000000000000000
0.0000000000000000
0.0000000000000000
0.0000000000000000
0.0000000000000000
0.0000000000000000
0.0000000000000000
0.0000000000000000
0.0000000000000000
0.0000000000000000
0.0000000000000000
0.0000000000000000
0.0000000000000000
0.0000000000000000
0.0000000000000000
0.0000000000000000
0.0000000000000000
0.0000000000000000
0.0000000000000000
0.0000000000000000
0.0000000000000000
0.0000000000000000
0.0000000000000000
0.0000000000000000
0.0000000000000000
0.0000000000000000
0.0000000000000000
0.0000000000000000
0.0000000000000000
0.0000000000000000
0.0000000000000000
0.0000000000000000
0.0000000000000000
0.0000000000000000
0.0000000000000000
0.0000000000000000
0.0000000000000000
0.0000000000000000
0.0000000000000000
0.0000000000000000
0.0000000000000000
0.0000000000000000
0.0000000000000000
0.0000000000000000
0.0000000000000000
0.0000000000000000
0.0000000000000000
0.0000000000000000
0.0000000000000000
0.0000000000000000
0.0000000000000000
0.0000000000000000
0.0000000000000000
0.0000000000000000
0.0000000000000000
0.0000000000000000
0.0000000000000000
0.0000000000000000
0.0000000000000000
0.0000000000000000
0.0000000000000000
0.0000000000000000
0.0000000000000000
0.0000000000000000
0.0000000000000000
0.0000000000000000
0.0000000000000000
0.0000000000000000
0.0000000000000000
0.0000000000000000
0.0000000000000000
0.0000000000000000
0.0000000000000000
0.0000000000000000
0.0000000000000000
0.0000000000000000
0.0000000000000000
0.0000000000000000
0.0000000000000000
0.0000000000000000
0.0000000000000000
0.0000000000000000
0.0000000000000000
0.0000000000000000
0.0000000000000000
0.0000000000000000
0.0000000000000000
0.0000000000000000
0.0000000000000000
0.0000000000000000
0.0000000000000000
0.0000000000000000
0.0000000000000000
0.0000000000000000
0.0000000000000000
0.0000000000000000
0.0000000000000000
0.0000000000000000
0.0000000000000000
0.0000000000000000
0.0000000000000000
0.0000000000000000
0.0000000000000000
0.0000000000000000
0.0000000000000000
0.0000000000000000
0.0000000000000000
0.0000000000000000
0.0000000000000000
0.0000000000000000
0.0000000000000000
0.0000000000000000
0.0000000000000000
0.0000000000000000
0.0000000000000000
0.0000000000000000
0.0000000000000000
0.0000000000000000
0.0000000000000000
0.0000000000000000
0.0000000000000000
0.0000000000000000
0.0000000000000000
0.0000000000000000
0.0000000000000000
0.0000000000000000
0.0000000000000000
0.0000000000000000
0.0000000000000000
0.0000000000000000
0.0000000000000000
0.0000000000000000
0.0000000000000000
0.0000000000000000
0.0000000000000000
0.0000000000000000
0.0000000000000000
0.0000000000000000
0.0000000000000000
0.0000000000000000
0.0000000000000000
0.0000000000000000
0.0000000000000000
0.0000000000000000
0.0000000000000000
0.0000000000000000
0.0000000000000000
0.0000000000000000
0.0000000000000000
0.0000000000000000
0.0000000000000000
0.0000000000000000
0.0000000000000000
0.0000000000000000
0.0000000000000000
0.0000000000000000
0.0000000000000000
0.0000000000000000
0.0000000000000000
0.0000000000000000
0.0000000000000000
0.0000000000000000
0.0000000000000000
0.0000000000000000
0.0000000000000000
0.0000000000000000
0.0000000000000000
0.0000000000000000
0.0000000000000000
0.0000000000000000
0.0000000000000000
0.0000000000000000
0.0000000000000000
0.0000000000000000
0.0000000000000000
0.0000000000000000
0.0000000000000000
0.0000000000000000
0.0000000000000000
0.0000000000000000
0.0000000000000000
0.0000000000000000
0.0000000000000000
0.0000000000000000
0.0000000000000000
0.0000000000000000
0.0000000000000000
0.0000000000000000
0.0000000000000000
0.0000000000000000
0.0000000000000000
0.0000000000000000
0.0000000000000000
0.0000000000000000
0.0000000000000000
0.0000000000000000
0.0000000000000000
0.0000000000000000
0.0000000000000000
0.0000000000000000
0.0000000000000000
0.0000000000000000
0.0000000000000000
0.0000000000000000
0.0000000000000000
0.0000000000000000
0.0000000000000000
0.0000000000000000
0.0000000000000000
0.0000000000000000
0.0000000000000000
0.0000000000000000
0.0000000000000000
0.0000000000000000
0.0000000000000000
0.0000000000000000
0.0000000000000000
0.0000000000000000
0.0000000000000000
0.0000000000000000
0.0000000000000000
0.0000000000000000
0.0000000000000000
0.0000000000000000
0.0000000000000000
0.0000000000000000
0.0000000000000000
0.0000000000000000
0.0000000000000000
0.0000000000000000
0.0000000000000000
0.0000000000000000
0.0000000000000000
0.0000000000000000
0.0000000000000000
0.0000000000000000
0.0000000000000000
0.0000000000000000
0.0000000000000000
0.0000000000000000
0.0000000000000000
0.0000000000000000
0.0000000000000000
0.0000000000000000
0.0000000000000000
0.0000000000000000
0.0000000000000000
0.0000000000000000
0.0000000000000000
0.0000000000000000
0.0000000000000000
0.0000000000000000
0.0000000000000000
0.0000000000000000
0.0000000000000000
0.0000000000000000
0.0000000000000000
0.0000000000000000
0.0000000000000000
0.0000000000000000
0.0000000000000000
0.0000000000000000
0.0000000000000000
0.0000000000000000
0.0000000000000000
0.0000000000000000
0.0000000000000000
0.0000000000000000
0.0000000000000000
0.0000000000000000
0.0000000000000000
0.0000000000000000
0.0000000000000000
0.0000000000000000
0.0000000000000000
0.0000000000000000
0.0000000000000000
0.0000000000000000
0.0000000000000000
0.0000000000000000
0.0000000000000000
0.0000000000000000
0.0000000000000000
0.0000000000000000
0.0000000000000000
0.0000000000000000
0.0000000000000000
0.0000000000000000
0.0000000000000000
0.0000000000000000
0.0000000000000000
0.0000000000000000
0.0000000000000000
0.0000000000000000
0.0000000000000000
0.0000000000000000
0.0000000000000000
0.0000000000000000
0.0000000000000000
0.0000000000000000
0.0000000000000000
0.0000000000000000
0.0000000000000000
0.0000000000000000
0.0000000000000000
1.3817134084975726
1.8820370305530765
1.2592876348525315
0.0508901773420490
-0.8818381066486695
-1.0208851711243234
-0.5317354984323817
-0.0251132135520427
0.0251183169591415
-0.3040723497870715
-0.4914187055198876
-0.0943762665469365
0.7795270742059569
1.4829890420708498
1.3405012730033072
0.2440374543834357
-1.1760801476590705
-1.9765413320954153
-1.6030907323118551
-0.3130892678019644
1.0201724634953249
1.5647310647792576
1.1251754149419875
0.2138400028664205
-0.4288563350702904
-0.4457457625784227
-0.0975961004212065
0.0523710900881134
-0.2941687009249668
-0.8599198081514893
-1.0193668792286144
-0.3757729820919358
0.8137368329433861
1.7534816208121442
1.7038748025821466
0.5833450032881328
-0.9198350241370781
-1.8347699986088193
-1.6181994021719197
-0.5300258883357190
0.6119137524204645
1.0829249738052127
0.7756932122202894
0.1883955413566806
-0.0773396722081224
0.1413980576365023
0.4536303356103178
0.3151370833546101
-0.4161663207705321
-1.2699965895887804
-1.5067914122396731
-0.7450757536089511
0.6545598652330956
1.7929289244551663
1.8878304357445084
0.8678134164252801
-0.5708915750357632
-1.4908715798783057
-1.4030413510660820
-0.5761739819900311
0.2570619751511080
0.5272557163734066
0.2591419403864208
-0.0379633009329405
0.1029360174678454
0.6385975759572228
1.0252478651237129
0.7071790301897568
-0.3362620181407902
-1.4717737236037243
-1.8567293993602023
-1.1057326702874961
0.3646663417671063
1.6092451622095054
1.8435196663810263
1.0087348295875467
-0.2276449636236089
-1.0191084765250091
-0.9813698550465835
-0.4152297213161597
0.0403727322631535
0.0012251253509844
-0.3397989526981546
-0.4307705353359466
0.0832762674433205
0.9646903930599739
1.5137356631453849
1.1403606561029453
-0.0960736544267870
-1.4467612272561274
-1.9983777580420268
-1.3600083618476100
0.0349821239911289
1.2556380582431870
1.5681966364770501
0.9477824102485053
0.0153482003414069
-0.5176827317602561
-0.4199735011491640
-0.0576587328563650
0.0126092094148490
-0.4010104390312939
-0.9179733810700998
-0.9157903847961573
-0.1178885354881206
1.0764496436698210
1.8308935241911823
1.5136811042583762
0.2261055241886265
-1.2240299904868110
-1.9024180590947608
-1.4306704668187233
-0.2356852321830407
0.8187475438781586
1.1060642109326584
0.6702756957727506
0.0883757005835514
-0.0874217711324996
0.1853814362095890
0.4410940752555139
0.1794060770048581
-0.6147556887342608
-1.3756884938038692
-1.3949724320922179
-0.4393029621475128
0.9774510649442104
1.9227035460861925
1.7354229516618265
0.5328912719975050
-0.8734034491153704
-1.5873764541647974
-1.2782603195093540
-0.3627227735428563
0.3995686713897172
0.5389538608075705
0.2089387653240485
-0.0378998668264086
0.1900315248131779
0.7302958364539796
0.9922418264084891
0.5000495341047009
-0.6184204878360950
-1.6379208294447571
-1.7676721430364071
-0.7905866843041592
0.7167360984087332
1.7808036756626033
1.7433516901727648
0.7295786216240817
-0.4898125747077010
-1.1156329394551550
-0.9101743910485390
-0.2946676775447353
0.0913211104864559
-0.0311352768596896
-0.3626791210157788
-0.3457781898803672
0.2697735101001251
1.1239454757885197
1.4926123047584878
0.8964392649929361
-0.4377273327106153
-1.6701765736314620
-1.9525140240025658
-1.0723415691875717
0.3775735740843933
1.4440780518542549
1.5185593332204450
0.7453416079414337
-0.1722330575430685
-0.5799489319198903
-0.3795672722238026
-0.0248997573436996
-0.0409083189664580
-0.5038394327408484
-0.9456972561069427
-0.7741836203372265
0.1531173682374489
1.3083216457121645
1.8467995389866909
1.2702769852325551
-0.1395750108297144
-1.4855584448895081
-1.9051330478768214
-1.1982745528741341
0.0587807155296036
0.9900221106528018
1.0899288897972059
0.5492300955937574
-0.0018034665721743
-0.0834474644438311
0.2256949484155061
0.4064873328291858
0.0256883184254206
-0.8018311640962021
-1.4369449161748680
-1.2318583976054451
-0.1130661779615327
1.2703215744775365
1.9876883405951389
1.5247314323481782
0.1830933610834874
-1.1415077446158681
-1.6279268965915759
-1.1145047088146129
-0.1473142324587913
0.5177679120692964
0.5282396692779746
0.1574654830177297
-0.0239004560952640
0.2825939537315759
0.8016336738940416
0.9210526318625866
0.2667882837069556
-0.8871626271485391
-1.7509739717052257
-1.6172131698575509
-0.4469938819871929
1.0440641655316818
1.8908831566700353
1.5858523821078250
0.4321083973060373
-0.7269397774056099
-1.1696915375555685
-0.8118359198419027
-0.1754539872304752
0.1264715760503111
-0.0688096257848033
-0.3695660389077383
-0.2380831318505044
0.4583023785113629
1.2502658857816700
1.4187957997689473
0.6164358501594687
-0.7689987805737998
-1.8382537394960501
-1.8405085053789521
-0.7502717042144118
0.7029370364982959
1.5798999536069445
1.4190596074682436
0.5260294091922524
-0.3425837985024800
-0.6152164162537845
-0.3283093495885638
-0.0020831278786618
-0.1062258544645129
-0.5974042683291287
-0.9399778043949558
-0.5981018480381337
0.4278635078292108
1.5004131857264404
1.7997130990832639
0.9816871387321869
-0.5010655357790156
-1.6955904496102547
-1.8435313886658642
-0.9298542604284240
0.3431187857445058
1.1209918834980486
1.0371050442371343
0.4184393008058312
-0.0788186636857857
-0.0671027467100390
0.2585316229855033
0.3491695282287974
-0.1409703810315602
-0.9697183241101101
-1.4499538685589495
-1.0219712597560200
0.2225203003324973
1.5226866655563729
1.9854273512519378
1.2632043849826800
-0.1693801778630936
-1.3665075530384425
-1.6124751978668259
-0.9188649225871511
0.0621779984999420
0.6087376313090576
0.4977640527510408
0.1085805334536911
0.0041601553335084
0.3762377361595469
0.8479889844741955
0.8123590941274077
0.0149531742196620
-1.1325128398494344
-1.8059699724462104
-1.4099120117752495
-0.0867285712502654
1.3353916965063024
1.9361802028027060
1.3773036975647546
0.1270502003834926
-0.9315102708676906
-1.1812116995591240
-0.6917273385278093
-0.0625771843620267
0.1455333831675629
-0.1082503476614114
-0.3579966707383231
-0.1104837670893041
0.6416148497150382
1.3376177149702637
1.2933877686253272
0.3095056352218865
-1.0781841483904659
-1.9448285686007767
-1.6662486138548651
-0.4051289936114034
1.0000754790188371
1.6594844633152586
1.2746423347732549
0.2983437695669807
-0.4903615326046117
-0.6242365744784841
-0.2702988571951945
0.0087281936130996
-0.1805432735193556
-0.6765258783662962
-0.8989248246726037
-0.3925826676804136
0.6965465328937729
1.6450377183145131
1.6903798246607735
0.6575974768001057
-0.8458650199769308
-1.8471475572119918
-1.7204871129215560
-0.6353721173746703
0.6076971496613582
1.2085507070161596
0.9514630321649640
0.2838411118131073
-0.1402364090271956
-0.0408196905388777
0.2803422831536477
0.2695906851258171
-0.3146758270853737
-1.1111590069020718
-1.4125883236909456
-0.7716440657363856
0.5558333781805396
1.7254057088202397
1.9158296846482743
0.9600538615312957
-0.5123497237006616
-1.5413681008584235
-1.5429734818211265
-0.6993631305929778
0.2584434299641690
0.6708298354408285
0.4509345225791426
0.0657934720747566
0.0454809455023033
0.4661926119540168
0.8655486757602183
0.6683657296218011
-0.2469336165228040
-1.3451025268679049
-1.7999490992041074
-1.1523967503586492
0.2777980627866896
1.5807481061423370
1.9156962786459002
1.1256982651614926
-0.1748320816512578
-1.0974122008529730
-1.1517135814735469
-0.5558016847191730
0.0395968544187207
0.1491663442391538
-0.1457143723478637
-0.3263510313287207
0.0331354491030250
0.8123112131851369
1.3812291426162324
1.1194213394289685
-0.0140513298836435
-1.3542283416770236
-1.9858775598955061
-1.4358108786358941
-0.0489799066504468
1.2591293151837748
1.6812809796453732
1.0917314742898991
0.0707701940230606
-0.6113754464655529
-0.6088609350811636
-0.2097305604089083
0.0062868487944948
-0.2603336821634202
-0.7363452872952568
-0.8220058994404416
-0.1639987933693143
0.9493023123350492
1.7360708402423857
1.5217789016484256
0.3090169943749103
0.0000000000000000
0.0000000000000000
0.0000000000000000
0.0000000000000000
0.0000000000000000
0.0000000000000000
0.0000000000000000
0.0000000000000000
0.0000000000000000
0.0000000000000000
0.0000000000000000
0.0000000000000000
0.0000000000000000
0.0000000000000000
0.0000000000000000
0.0000000000000000
0.0000000000000000
0.0000000000000000
0.0000000000000000
0.0000000000000000
0.0000000000000000
0.0000000000000000
0.0000000000000000
0.0000000000000000
0.0000000000000000
0.0000000000000000
0.0000000000000000
0.0000000000000000
0.0000000000000000
0.0000000000000000
0.0000000000000000
0.0000000000000000
0.0000000000000000
0.0000000000000000
0.0000000000000000
0.0000000000000000
0.0000000000000000
0.0000000000000000
0.0000000000000000
0.0000000000000000
0.0000000000000000
0.0000000000000000
0.0000000000000000
0.0000000000000000
0.0000000000000000
0.0000000000000000
0.0000000000000000
0.0000000000000000
0.0000000000000000
0.0000000000000000
0.0000000000000000
0.0000000000000000
0.0000000000000000
0.0000000000000000
0.0000000000000000
0.0000000000000000
0.0000000000000000
0.0000000000000000
0.0000000000000000
0.0000000000000000
0.0000000000000000
0.0000000000000000
0.0000000000000000
0.0000000000000000
0.0000000000000000
0.0000000000000000
0.0000000000000000
0.0000000000000000
0.0000000000000000
0.0000000000000000
0.0000000000000000
0.0000000000000000
0.0000000000000000
0.0000000000000000
0.0000000000000000
0.0000000000000000
0.0000000000000000
0.0000000000000000
0.0000000000000000
0.0000000000000000
0.0000000000000000
0.0000000000000000
0.0000000000000000
0.0000000000000000
0.0000000000000000
0.0000000000000000
0.0000000000000000
0.0000000000000000
0.0000000000000000
0.0000000000000000
0.0000000000000000
0.0000000000000000
0.0000000000000000
0.0000000000000000
0.0000000000000000
0.0000000000000000
0.0000000000000000
0.0000000000000000
0.0000000000000000
0.0000000000000000
0.0000000000000000
0.0000000000000000
0.0000000000000000
0.0000000000000000
0.0000000000000000
0.0000000000000000
0.0000000000000000
0.0000000000000000
0.0000000000000000
0.0000000000000000
0.0000000000000000
0.0000000000000000
0.0000000000000000
0.0000000000000000
0.0000000000000000
0.0000000000000000
0.0000000000000000
0.0000000000000000
0.0000000000000000
0.0000000000000000
0.0000000000000000
0.0000000000000000
0.0000000000000000
0.0000000000000000
0.0000000000000000
0.0000000000000000
0.0000000000000000
0.0000000000000000
0.0000000000000000
0.0000000000000000
0.0000000000000000
0.0000000000000000
0.0000000000000000
0.0000000000000000
0.0000000000000000
0.0000000000000000
0.0000000000000000
0.0000000000000000
0.0000000000000000
0.0000000000000000
0.0000000000000000
0.0000000000000000
0.0000000000000000
0.0000000000000000
0.0000000000000000
0.0000000000000000
0.0000000000000000
0.0000000000000000
0.0000000000000000
0.0000000000000000
0.0000000000000000
0.0000000000000000
0.0000000000000000
0.0000000000000000
0.0000000000000000
0.0000000000000000
0.0000000000000000
0.0000000000000000
0.0000000000000000
0.0000000000000000
0.0000000000000000
0.0000000000000000
0.0000000000000000
0.0000000000000000
0.0000000000000000
0.0000000000000000
0.0000000000000000
0.0000000000000000
0.0000000000000000
0.0000000000000000
0.0000000000000000
0.0000000000000000
0.0000000000000000
0.0000000000000000
0.0000000000000000
0.0000000000000000
0.0000000000000000
0.0000000000000000
0.0000000000000000
0.0000000000000000
0.0000000000000000
0.0000000000000000
0.0000000000000000
0.0000000000000000
0.0000000000000000
0.0000000000000000
0.0000000000000000
0.0000000000000000
0.0000000000000000
0.0000000000000000
0.0000000000000000
0.0000000000000000
0.0000000000000000
0.0000000000000000
0.0000000000000000
0.0000000000000000
0.0000000000000000
0.0000000000000000
0.0000000000000000
0.0000000000000000
0.0000000000000000
0.0000000000000000
0.0000000000000000
0.0000000000000000
0.0000000000000000
0.0000000000000000
0.0000000000000000
0.0000000000000000
0.0000000000000000
0.0000000000000000
0.0000000000000000
0.0000000000000000
0.0000000000000000
0.0000000000000000
0.0000000000000000
0.0000000000000000
0.0000000000000000
0.0000000000000000
0.0000000000000000
0.0000000000000000
0.0000000000000000
0.0000000000000000
0.0000000000000000
0.0000000000000000
0.0000000000000000
0.0000000000000000
0.0000000000000000
0.0000000000000000
0.0000000000000000
0.0000000000000000
0.0000000000000000
0.0000000000000000
0.0000000000000000
0.0000000000000000
0.0000000000000000
0.0000000000000000
0.0000000000000000
0.0000000000000000
0.0000000000000000
0.0000000000000000
0.0000000000000000
0.0000000000000000
0.0000000000000000
0.0000000000000000
0.0000000000000000
0.0000000000000000
0.0000000000000000
0.0000000000000000
0.0000000000000000
0.0000000000000000
0.0000000000000000
0.0000000000000000
0.0000000000000000
0.0000000000000000
0.0000000000000000
0.0000000000000000
0.0000000000000000
0.0000000000000000
0.0000000000000000
0.0000000000000000
0.0000000000000000
0.0000000000000000
0.0000000000000000
0.0000000000000000
0.0000000000000000
0.0000000000000000
0.0000000000000000
0.0000000000000000
0.0000000000000000
0.0000000000000000
0.0000000000000000
0.0000000000000000
0.0000000000000000
0.0000000000000000
0.0000000000000000
0.0000000000000000
0.0000000000000000
0.0000000000000000
0.0000000000000000
0.0000000000000000
0.0000000000000000
0.0000000000000000
0.0000000000000000
0.0000000000000000
0.0000000000000000
0.0000000000000000
0.0000000000000000
0.0000000000000000
0.0000000000000000
0.0000000000000000
0.0000000000000000
0.0000000000000000
0.0000000000000000
0.0000000000000000
0.0000000000000000
0.0000000000000000
0.0000000000000000
0.0000000000000000
0.0000000000000000
0.0000000000000000
0.0000000000000000
0.0000000000000000
0.0000000000000000
0.0000000000000000
0.0000000000000000
0.0000000000000000
0.0000000000000000
0.0000000000000000
0.0000000000000000
0.0000000000000000
0.0000000000000000
0.0000000000000000
0.0000000000000000
0.0000000000000000
0.0000000000000000
0.0000000000000000
0.0000000000000000
0.0000000000000000
0.0000000000000000
0.0000000000000000
0.0000000000000000
0.0000000000000000
0.0000000000000000
0.0000000000000000
0.0000000000000000
0.0000000000000000
0.0000000000000000
0.0000000000000000
0.0000000000000000
0.0000000000000000
0.0000000000000000
0.0000000000000000
0.0000000000000000
0.0000000000000000
0.0000000000000000
0.0000000000000000
0.0000000000000000
0.0000000000000000
0.0000000000000000
0.0000000000000000
0.0000000000000000
0.0000000000000000
0.0000000000000000
0.0000000000000000
0.0000000000000000
0.0000000000000000
0.0000000000000000
0.0000000000000000
0.0000000000000000
0.0000000000000000
0.0000000000000000
0.0000000000000000
0.0000000000000000
0.0000000000000000
0.0000000000000000
0.0000000000000000
0.0000000000000000
0.0000000000000000
0.0000000000000000
0.0000000000000000
0.0000000000000000
0.0000000000000000
0.0000000000000000
0.0000000000000000
0.0000000000000000
0.0000000000000000
0.0000000000000000
0.0000000000000000
0.0000000000000000
0.0000000000000000
0.0000000000000000
0.0000000000000000
0.0000000000000000
0.0000000000000000
0.0000000000000000
0.0000000000000000
0.0000000000000000
0.0000000000000000
0.0000000000000000
0.0000000000000000
0.0000000000000000
0.0000000000000000
0.0000000000000000
0.0000000000000000
0.0000000000000000
0.0000000000000000
0.0000000000000000
0.0000000000000000
0.0000000000000000
0.0000000000000000
0.0000000000000000
0.0000000000000000
0.0000000000000000
0.0000000000000000
0.0000000000000000
0.0000000000000000
0.0000000000000000
0.0000000000000000
0.0000000000000000
0.0000000000000000
1.4356325518987538
1.7993674480227027
0.9642233295029832
-0.2088718893458738
-0.7432046295461059
-0.4553637743772202
-0.0141509922493631
-0.1345880451208256
-0.7637424963070307
-1.1097520438997690
-0.4934666052116538
0.8522106697179010
1.8792854678353459
1.6691441992197147
0.3147062979993660
-1.1309811135998078
-1.6029597483702662
-0.9562707727852446
0.0051680130413229
0.3903374257624680
0.0891532202086849
-0.2151239353037707
0.1332288046716807
0.9800208040680237
1.4465767572079695
0.8218207227303207
-0.6379317188018532
-1.8347221931054902
-1.8006785356300767
-0.5866575288008727
0.7947165809901889
1.3123495732975283
0.8254846141236188
0.0906184061501848
-0.0927580648388753
0.2934700469244775
0.5267183881429172
-0.0122747637398417
-1.0813130417861585
-1.7138440468409675
-1.1512899977880175
0.3517242465161249
1.6729676380342036
1.8119012153202656
0.7783876937542824
-0.4701668008290817
-0.9613665983300176
-0.5841853910774691
-0.0649083503612882
-0.1148625381363402
-0.6490526909383787
-0.8838304135427891
-0.2111868228090825
1.0589417437010242
1.8802098621376273
1.4389909746195628
-0.0328107942969521
-1.4156905157982806
-1.6992495566508152
-0.8623551070308371
0.1991029606816703
0.5912031032913201
0.2583633286959104
-0.0807492813324424
0.2090740238650327
0.9374749491717287
1.2439221205162463
0.5072973260973831
-0.9195065257245012
-1.9266938196213843
-1.6471042510967442
-0.2755537024443162
1.0962579590270713
1.4743750981593440
0.8243508153630054
-0.0165743167726294
-0.2453240592245426
0.1155307144852377
0.3298675357461914
-0.1805432735193682
-1.1269063441750602
-1.5639765139895776
-0.8371199927405039
0.6840644747256646
1.8490239427793136
1.7475518371662280
0.5314327552980755
-0.7556092213071370
-1.1627055108174669
-0.6652588497683707
-0.0534260222707327
-0.0359036316395880
-0.4950874279953613
-0.6530579797624372
0.0352058612502948
1.1977367089426905
1.8058136638553433
1.1574555040292820
-0.3855233573630849
-1.6581632974817073
-1.7254704016882700
-0.6993961667133954
0.4371934432321728
0.8003036368874873
0.4009507079132878
0.0009284700516849
0.2201988260964473
0.8371778146023569
1.0116622314712669
0.2064700627054561
-1.1449965864752090
-1.9408090397460649
-1.4261845559578950
0.0645698967443265
1.3789534232143756
1.5810510518918415
0.7549035656208467
-0.1815972642477558
-0.4294119302940257
-0.0603271072100944
0.1687793249025021
-0.2873541977526937
-1.1032809406648829
-1.3625295294680546
-0.5120164591704126
0.9789678040530803
1.9534307449389330
1.6074770222648709
0.2353635438229729
-1.0470422568564881
-1.3295182144428455
-0.6873417501596149
0.0215264018646091
0.0932330804869189
-0.3182509217983179
-0.4358049379356772
0.2317316717536864
1.2642420730917570
1.6633497512165545
0.8409815709688890
-0.7239087483486678
-1.8431583872247668
-1.6762237552153700
-0.4734716611987543
0.7044763120736649
0.9992502263191603
0.5013403656373172
0.0222384367975416
0.1694079773622208
0.6917004267400251
0.7681091445041672
-0.0629567599871539
-1.3038730183998180
-1.8778826281448635
-1.1499331068205882
0.4150519231257336
1.6245463821771220
1.6211431742107516
0.6166241343732283
-0.3945019984362201
-0.6282739604672719
-0.2162032734751317
0.0565886093552042
-0.3288608003693151
-1.0175386657782317
-1.1254655664667821
-0.1952740325054463
1.2209496032184108
1.9804367369107265
1.3978299553486921
-0.0942449470582992
-1.3254238644531589
-1.4461786114139152
-0.6434647537684244
0.1562187282925922
0.2595668086060293
-0.1364740998354500
-0.2490206497593063
0.3683119668778690
1.2591310768730404
1.4644325084732424
0.5081253019992826
-1.0293593766495879
-1.9590445868252839
-1.5510983895754646
-0.1952261565214675
0.9834537301807937
1.1700136755467336
0.5470550308656984
-0.0197447809168059
0.0642532252155750
0.5167069004015219
0.5319082300343478
-0.2858606470311765
-1.3902163475897216
-1.7437223801504578
-0.8339318809940668
0.7563812794929407
1.8169413084178685
1.5877852522924625
0.4139914432844781
-0.6414761732020531
-0.8237655405015945
-0.3357354886371762
0.0024935076481514
-0.3061929266664223
-0.8810601029472533
-0.8708003755788669
0.0947506413100010
1.3981492119627550
1.9293049511771243
1.1293523269788808
-0.4393099465696648
-1.5721641523038890
-1.5002747137746093
-0.5314673944777080
0.3422123354494462
0.4471413053971637
0.0320981588316965
-0.1070202042398968
0.4394538767375565
1.1880143110686374
1.2242028169780688
0.1782697940495740
-1.2854601120421199
-1.9986135890876786
-1.3547297016276341
0.1208419403762174
1.2553223078111257
1.2962327605790107
0.5296410636842593
-0.1229827925967268
-0.0835325636356254
0.3298027002277510
0.3207058148327918
-0.4507421319774567
-1.4030947993080576
-1.5487070072814375
-0.4962575777871078
1.0695389263941699
1.9433345164089992
1.4789969522393147
0.1562057390084276
-0.9058127308853163
-0.9976626572473269
-0.4053002342123289
0.0110937621116340
-0.2253454257856731
-0.7086568651608069
-0.6173165676349037
0.3419084485594518
1.5031297620014796
1.8043558961262194
0.8166447597464233
-0.7804818656154516
-1.7704342869796053
-1.4835205022182394
-0.3541919806566490
0.5669497708604168
0.6381881391419666
0.1704338976137029
-0.0204613786615291
0.4446072764731003
1.0610014249402868
0.9602467446066459
-0.1297162931606035
-1.4791113789322710
-1.9595831583175278
-1.0965038735268191
0.4573676992512076
1.5012984678215040
1.3644069130874850
0.4453080050496040
-0.2806106588428524
-0.2589001777234066
0.1492464560994908
0.1498913351274536
-0.5505066588719488
-1.3465902240159719
-1.3070437228031904
-0.1562336783110472
1.3373060238264873
1.9951153027774942
1.2978577936548807
-0.1434236403146848
-1.1690880005400168
-1.1329874714518413
-0.4150183016019239
0.0820587682354117
-0.0967192731508728
-0.5174819456821365
-0.3832265554902071
0.5333684439072024
1.5333657182205884
1.6146559139129089
0.4771661005226188
-1.0984763779536397
-1.9063542936167475
-1.3923777036858942
-0.1193215288940910
0.8146400418038056
0.8144207943187626
0.2638606987039915
0.0044154179082617
0.3881690402459946
0.8919453082898422
0.6913446446253229
-0.3987813455384786
-1.6014186391395500
-1.8447548656685568
-0.7899275878061112
0.7953116122803490
1.7039461499947239
1.3648884216765440
0.2952361201720802
-0.4814200099462882
-0.4445861916689772
-0.0073830432453426
0.0315032191403247
-0.5829319636104930
-1.2294701314901149
-1.0357581954475530
0.1669036342696864
1.5454459869747055
1.9684736209983598
1.0523246753055397
-0.4683833153443269
-1.4124652357729572
-1.2152477607114012
-0.3594933439844252
0.2101488519767768
0.0656518171352630
-0.3257756859950072
-0.1848796760421000
0.6604911159954429
1.4913838870714939
1.3733728927834967
0.1300322491664310
-1.3754035044893516
-1.9699755913238159
-1.2283431467671218
0.1611270873206115
1.0673768832412871
0.9583675995559415
0.3011433711299929
-0.0337696935567040
0.2791345432467139
0.6974226265123558
0.4361393676623508
-0.6148625381363404
-1.6482855143015036
-1.6618152294968898
-0.4517077035297349
1.1152719779769416
1.8484127690115413
1.2926035461801288
0.0855298347706942
-0.7106538228211889
-0.6223740552908241
-0.1244698884462708
-0.0266239192358705
-0.5507880988983144
-1.0645293796126329
-0.7534884915181209
0.4553314033964544
1.6836769635293491
1.8646712363281222
0.7547056096190239
-0.8000898747885268
-1.6180312094588194
-1.2335020913372508
-0.2382307991553609
0.3855883034426011
0.2451341889780761
-0.1515365481669146
-0.0356051529450060
0.7194026612864799
1.3845481907190476
1.0968450168165440
-0.2053006125747465
-1.5959997813129903
-1.9559886270412596
-0.9978810430805782
0.4716191377230986
1.3064107427544378
1.0546487144487313
0.2753160274577350
-0.1314412147428191
0.1304213998110877
0.4955232635655223
0.2118179949671800
-0.7678439403651092
-1.6206687932818653
-1.4227943590071777
-0.1006058439386476
1.3988249826818582
1.9234858149857488
1.1474511407518639
-0.1731799220045205
-0.9510565162951680
0.0000000000000000
0.0000000000000000
0.0000000000000000
0.0000000000000000
0.0000000000000000
0.0000000000000000
0.0000000000000000
0.0000000000000000
0.0000000000000000
0.0000000000000000
0.0000000000000000
0.0000000000000000
0.0000000000000000
0.0000000000000000
0.0000000000000000
0.0000000000000000
0.0000000000000000
0.0000000000000000
0.0000000000000000
0.0000000000000000
0.0000000000000000
0.0000000000000000
0.0000000000000000
0.0000000000000000
0.0000000000000000
0.0000000000000000
0.0000000000000000
0.0000000000000000
0.0000000000000000
0.0000000000000000
0.0000000000000000
0.0000000000000000
0.0000000000000000
0.0000000000000000
0.0000000000000000
0.0000000000000000
0.0000000000000000
0.0000000000000000
0.0000000000000000
0.0000000000000000
0.0000000000000000
0.0000000000000000
0.0000000000000000
0.0000000000000000
0.0000000000000000
0.0000000000000000
0.0000000000000000
0.0000000000000000
0.0000000000000000
0.0000000000000000
0.0000000000000000
0.0000000000000000
0.0000000000000000
0.0000000000000000
0.0000000000000000
0.0000000000000000
0.0000000000000000
0.0000000000000000
0.0000000000000000
0.0000000000000000
0.0000000000000000
0.0000000000000000
0.0000000000000000
0.0000000000000000
0.0000000000000000
0.0000000000000000
0.0000000000000000
0.0000000000000000
0.0000000000000000
0.0000000000000000
0.0000000000000000
0.0000000000000000
0.0000000000000000
0.0000000000000000
0.0000000000000000
0.0000000000000000
0.0000000000000000
0.0000000000000000
0.0000000000000000
0.0000000000000000
0.0000000000000000
0.0000000000000000
0.0000000000000000
0.0000000000000000
0.0000000000000000
0.0000000000000000
0.0000000000000000
0.0000000000000000
0.0000000000000000
0.0000000000000000
0.0000000000000000
0.0000000000000000
0.0000000000000000
0.0000000000000000
0.0000000000000000
0.0000000000000000
0.0000000000000000
0.0000000000000000
0.0000000000000000
0.0000000000000000
0.0000000000000000
0.0000000000000000
0.0000000000000000
0.0000000000000000
0.0000000000000000
0.0000000000000000
0.0000000000000000
0.0000000000000000
0.0000000000000000
0.0000000000000000
0.0000000000000000
0.0000000000000000
0.0000000000000000
0.0000000000000000
0.0000000000000000
0.0000000000000000
0.0000000000000000
0.0000000000000000
0.0000000000000000
0.0000000000000000
0.0000000000000000
0.0000000000000000
0.0000000000000000
0.0000000000000000
0.0000000000000000
0.0000000000000000
0.0000000000000000
0.0000000000000000
0.0000000000000000
0.0000000000000000
0.0000000000000000
0.0000000000000000
0.0000000000000000
0.0000000000000000
0.0000000000000000
0.0000000000000000
0.0000000000000000
0.0000000000000000
0.0000000000000000
0.0000000000000000
0.0000000000000000
0.0000000000000000
0.0000000000000000
0.0000000000000000
0.0000000000000000
0.0000000000000000
0.0000000000000000
0.0000000000000000
0.0000000000000000
0.0000000000000000
0.0000000000000000
0.0000000000000000
0.0000000000000000
0.0000000000000000
0.0000000000000000
0.0000000000000000
0.0000000000000000
0.0000000000000000
0.0000000000000000
0.0000000000000000
0.0000000000000000
0.0000000000000000
0.0000000000000000
0.0000000000000000
0.0000000000000000
0.0000000000000000
0.0000000000000000
0.0000000000000000
0.0000000000000000
0.0000000000000000
0.0000000000000000
0.0000000000000000
0.0000000000000000
0.0000000000000000
0.0000000000000000
0.0000000000000000
0.0000000000000000
0.0000000000000000
0.0000000000000000
0.0000000000000000
0.0000000000000000
0.0000000000000000
0.0000000000000000
0.0000000000000000
0.0000000000000000
0.0000000000000000
0.0000000000000000
0.0000000000000000
0.0000000000000000
0.0000000000000000
0.0000000000000000
0.0000000000000000
0.0000000000000000
0.0000000000000000
0.0000000000000000
0.0000000000000000
0.0000000000000000
0.0000000000000000
0.0000000000000000
0.0000000000000000
0.0000000000000000
0.0000000000000000
0.0000000000000000
0.0000000000000000
0.0000000000000000
0.0000000000000000
0.0000000000000000
0.0000000000000000
0.0000000000000000
0.0000000000000000
0.0000000000000000
0.0000000000000000
0.0000000000000000
0.0000000000000000
0.0000000000000000
0.0000000000000000
0.0000000000000000
0.0000000000000000
0.0000000000000000
0.0000000000000000
0.0000000000000000
0.0000000000000000
0.0000000000000000
0.0000000000000000
0.0000000000000000
0.0000000000000000
0.0000000000000000
0.0000000000000000
0.0000000000000000
0.0000000000000000
0.0000000000000000
0.0000000000000000
0.0000000000000000
0.0000000000000000
0.0000000000000000
0.0000000000000000
0.0000000000000000
0.0000000000000000
0.0000000000000000
0.0000000000000000
0.0000000000000000
0.0000000000000000
0.0000000000000000
0.0000000000000000
0.0000000000000000
0.0000000000000000
0.0000000000000000
0.0000000000000000
0.0000000000000000
0.0000000000000000
0.0000000000000000
0.0000000000000000
0.0000000000000000
0.0000000000000000
0.0000000000000000
0.0000000000000000
0.0000000000000000
0.0000000000000000
0.0000000000000000
0.0000000000000000
0.0000000000000000
0.0000000000000000
0.0000000000000000
0.0000000000000000
0.0000000000000000
0.0000000000000000
0.0000000000000000
0.0000000000000000
0.0000000000000000
0.0000000000000000
0.0000000000000000
0.0000000000000000
0.0000000000000000
0.0000000000000000
0.0000000000000000
0.0000000000000000
0.0000000000000000
0.0000000000000000
0.0000000000000000
0.0000000000000000
0.0000000000000000
0.0000000000000000
0.0000000000000000
0.0000000000000000
0.0000000000000000
0.0000000000000000
0.0000000000000000
0.0000000000000000
0.0000000000000000
0.0000000000000000
0.0000000000000000
0.0000000000000000
0.0000000000000000
0.0000000000000000
0.0000000000000000
0.0000000000000000
0.0000000000000000
0.0000000000000000
0.0000000000000000
0.0000000000000000
0.0000000000000000
0.0000000000000000
0.0000000000000000
0.0000000000000000
0.0000000000000000
0.0000000000000000
0.0000000000000000
0.0000000000000000
0.0000000000000000
0.0000000000000000
0.0000000000000000
0.0000000000000000
0.0000000000000000
0.0000000000000000
0.0000000000000000
0.0000000000000000
0.0000000000000000
0.0000000000000000
0.0000000000000000
0.0000000000000000
0.0000000000000000
0.0000000000000000
0.0000000000000000
0.0000000000000000
0.0000000000000000
0.0000000000000000
0.0000000000000000
0.0000000000000000
0.0000000000000000
0.0000000000000000
0.0000000000000000
0.0000000000000000
0.0000000000000000
0.0000000000000000
0.0000000000000000
0.0000000000000000
0.0000000000000000
0.0000000000000000
0.0000000000000000
0.0000000000000000
0.0000000000000000
0.0000000000000000
0.0000000000000000
0.0000000000000000
0.0000000000000000
0.0000000000000000
0.0000000000000000
0.0000000000000000
0.0000000000000000
0.0000000000000000
0.0000000000000000
0.0000000000000000
0.0000000000000000
0.0000000000000000
0.0000000000000000
0.0000000000000000
0.0000000000000000
0.0000000000000000
0.0000000000000000
0.0000000000000000
0.0000000000000000
0.0000000000000000
0.0000000000000000
0.0000000000000000
0.0000000000000000
0.0000000000000000
0.0000000000000000
0.0000000000000000
0.0000000000000000
0.0000000000000000
0.0000000000000000
0.0000000000000000
0.0000000000000000
0.0000000000000000
0.0000000000000000
0.0000000000000000
0.0000000000000000
0.0000000000000000
0.0000000000000000
0.0000000000000000
0.0000000000000000
0.0000000000000000
0.0000000000000000
0.0000000000000000
0.0000000000000000
0.0000000000000000
0.0000000000000000
0.0000000000000000
0.0000000000000000
0.0000000000000000
0.0000000000000000
0.0000000000000000
0.0000000000000000
0.0000000000000000
0.0000000000000000
0.0000000000000000
0.0000000000000000
0.0000000000000000
0.0000000000000000
0.0000000000000000
1.4853781720861821
1.6676304046046257
0.6384276545543138
-0.3360787599086719
-0.3469182781807197
0.1585379674261168
0.0773509192922822
-0.8481039187622255
-1.5946487637500391
-1.0560858818767658
0.5535896882316734
1.8036778363383865
1.5871188282533115
0.3104609795375270
-0.6464821756112445
-0.5337091496348314
0.0096957961112182
-0.0980165075732224
-0.9295231948834952
-1.3894345305694125
-0.5644815699941008
1.0513380332170565
1.9739140126424659
1.3498622143000598
-0.1086822048916796
-0.9662772577282021
-0.6763033810711393
-0.0660918846207758
-0.1730874155458522
-0.8905231091632201
-1.0879641190312972
-0.0646406726325547
1.4442237300028105
1.9754018340297914
0.9715845512172523
-0.5777531052844653
-1.2482950713846117
-0.7370086350934539
-0.0479404504234331
-0.1477051290512901
-0.7549840515958982
-0.7357704317618634
0.3907957094485014
1.6959731153868796
1.8065447361527189
0.4854765105491063
-1.0463542053027846
-1.4469896169401411
-0.6888187763808098
0.0691889244436403
-0.0381399665619747
-0.5589131902781596
-0.3816240687559295
0.7571613028434179
1.7873221428354051
1.4851019258337765
-0.0616093526846072
-1.4612488449855288
-1.5248571937594808
-0.5197585263345703
0.2735296519946792
0.1255848320131890
-0.3449277239680266
-0.0709132471189033
1.0031560169645171
1.7180619901281726
1.0459830117552398
-0.6147714954318141
-1.7731621814564895
-1.4578917082685932
-0.2351896147021817
0.5379443867249403
0.3043104723664285
-0.1559055773706503
0.1603838368777124
1.1143853202993843
1.5066133331059843
0.5368598865768464
-1.1177504274874814
-1.9431712176096336
-1.2393258676686776
0.1422582525446093
0.8235663218551686
0.4556597259916231
-0.0286817330505775
0.2903254177970903
1.0945962200476536
1.1872036669665342
0.0121752199199476
-1.5198229312586762
-1.9478323395243429
-0.8811352162792739
0.5751468182363187
1.0851571145461676
0.5404325686719147
0.0113407842204054
0.3136163416380416
0.9644697154688386
0.8050407450465722
-0.4736614173306405
-1.7819963621342767
-1.7823599317389600
-0.4130801660853017
1.0157698610465282
1.2774550437988297
0.5285929500914013
-0.0460767497237521
0.2418633434159182
0.7581587717529873
0.4101404584271446
-0.8729930772467147
-1.8816925022950495
-1.4614270815906516
0.1206095066558356
1.4121821044144531
1.3616486523646560
0.4040136718377634
-0.1944475467167951
0.1014582159462297
0.5180635798996116
0.0506437393818441
-1.1506682486398223
-1.8153113080569094
-1.0174746486113500
0.6664870588421135
1.7149191583904182
1.3110896290972325
0.1673139351078484
-0.4113863765954781
-0.0706051948391684
0.2885713839663234
-0.2334792201900332
-1.2880769763474413
-1.5983470914114055
-0.4967457803963237
1.1683969568921282
1.8835136085581903
1.1154571187849787
-0.1636176644400192
-0.6617152523848091
-0.2323930863221894
0.1096248145150251
-0.4154963780117713
-1.2849527765572617
-1.2630553201693051
0.0464350815240803
1.5743880088208320
1.8919349384894608
0.7827908941855000
-0.5555079035573901
-0.9024259535886734
-0.3433846351440465
0.0110021618469841
-0.4850820965104371
-1.1587240486112387
-0.8539935903655147
0.5563870567052315
1.8431245709221917
1.7322208561852999
0.3390953651276413
-0.9637572444280272
-1.0888224504258814
-0.3706334993330651
0.0080928637123965
-0.4491756596189834
-0.9415280413500720
-0.4220417581475128
0.9829178343191096
1.9489541488812532
1.4158061365118280
-0.1744580051941101
-1.3381408686002680
-1.1810026439773424
-0.2938814439307659
0.0997453224562733
-0.3304343700147077
-0.6753135949161679
-0.0177059871184915
1.2873912885452641
1.8849674796435392
0.9723603458910972
-0.7063794585552516
-1.6293959135400489
-1.1497889247557975
-0.1089098483607397
0.2684799573959086
-0.1635125891516486
-0.4057137224767153
0.3153971500431745
1.4472263102682430
1.6636536851969219
0.4462768433715262
-1.2011338241309673
-1.7958141873027493
-0.9812877570181832
0.1713457711910379
0.4830366171889739
0.0103069048799015
-0.1755313865991665
0.5460095002604428
1.4582472610146908
1.3150725767901268
-0.1087321712057308
-1.6060173373015614
-1.8089538313987443
-0.6794404259494696
0.5180888653164248
0.7029059369865990
0.1493797091210955
-0.0187298269683052
0.6589315971222375
1.3345953415299716
0.8827957852228445
-0.6362279980335036
-1.8777346328207813
-1.6576969695159982
-0.2661958336616503
0.8902052381910732
0.8842221647921509
0.2179940106786257
0.0442538029759024
0.6564750255337664
1.1062372450247113
0.4181638794519577
-1.0839611893176715
-1.9878094811474127
-1.3500982127511785
0.2207443378568607
1.2395919561498085
0.9862072324691511
0.1918186027772657
0.0092359788793706
0.5574935529459677
0.8144287264257315
-0.0263716052796960
-1.4102048112285115
-1.9261161582775328
-0.9127618310411646
0.7323306627757062
1.5175617381807265
0.9772778655869627
0.0617468427595144
-0.1113109645659727
0.3941482195597155
0.5057629744288411
-0.4039339612067852
-1.5886784680881640
-1.7020671384035420
-0.3878141558770202
1.2141530446676214
1.6814628724225986
0.8399699579672715
-0.1644025476837180
-0.2902300513918556
0.2068682701771482
0.2256203663673841
-0.6790484781467367
-1.6114258820966549
-1.3433037212926739
0.1721417823520280
1.6132265324573356
1.7006205344810099
0.5739916761383574
-0.4625747551299922
-0.4897478495058207
0.0382132969063886
0.0119123139525010
-0.8318442554766271
-1.4892832269837273
-0.8920675452286212
0.7104332952762475
1.8846821048502718
1.5607917586543554
0.1969677011413533
-0.7954790184274863
-0.6670761850953345
-0.0735105742666929
-0.1100326157825540
-0.8600862415240611
-1.2498977633291433
-0.3997382432921397
1.1732490875488728
1.9974778140841494
1.2665217846701915
-0.2572521036822571
-1.1175044838397385
-0.7807734742625057
-0.0999960242937744
-0.1307511132227265
-0.7787879378488816
-0.9335832730107766
0.0797354329157171
1.5161869643076820
1.9383733914385741
0.8410679149992767
-0.7425173661817863
-1.3808935504925959
-0.7969862706379724
-0.0272454517121555
-0.0576587328563377
-0.6174827715867234
-0.5875864084961394
0.4966392965610436
1.7095624056375076
1.7136406295948701
0.3238810249710501
-1.2060303270998638
-1.5423399494398313
-0.6947054531338652
0.1421519774076397
0.0863320580236505
-0.4155482271032576
-0.2595477540279797
0.8116330325096552
1.7417880885783998
1.3482818684027509
-0.2340390422133677
-1.5949869821564269
-1.5691164946287315
-0.4693028421934826
0.3890985873794990
0.2663888442215011
-0.2162388299392682
0.0089549433279273
1.0004189728638233
1.6203923067958030
0.8828594914199855
-0.7763136117563397
-1.8633292395310983
-1.4438959544042531
-0.1338452902204048
0.6804213658148485
0.4410309571058567
-0.0602567065619007
0.1879100585316901
1.0563350354240266
1.3705594421277247
0.3683561467965876
-1.2480758777383367
-1.9777119983116993
-1.1676001173842030
0.2820166978662603
0.9733374907667312
0.5683639640343436
0.0202515049889247
0.2626841581961628
0.9905480283229835
1.0314058242799853
-0.1402540538779813
-1.6026802780441658
-1.9218901785532305
-0.7598739114566992
0.7354604347951462
1.2213507428410986
0.6124127901211960
0.0064431518311274
0.2356379574350006
0.8298476978048523
0.6505051291961990
-0.5908737529783208
-1.8073522438119136
-1.6989386235886705
-0.2570982559569674
1.1757648873541522
1.3807794505505959
0.5486744127765163
-0.1043819243572872
0.1253417953884062
0.6123650279210004
0.2774085473099537
-0.9406848642787583
-1.8470409791754987
-1.3310046295261562
0.2918153803607155
1.5507549596918171
1.4170266116136601
0.3681155708549463
-0.2982465290995298
-0.0364861774889946
0.3818168616286744
-0.0429646536359533
-1.1612459456050974
-1.7259773263156819
-0.8566201848594792
0.8313082560010570
1.8135626288709310
1.3097330146755504
0.0790507753711890
-0.5463433836368514
-0.2098855990223143
0.1810754149747859
-0.2761782182926085
-1.2416228777661942
-1.4667444622824657
-0.3259249171744341
1.3059693539512318
1.9288041132714731
1.0561006597013893
-0.2933771864697831
-0.8090169943749838
0.0000000000000000
0.0000000000000000
0.0000000000000000
0.0000000000000000
0.0000000000000000
0.0000000000000000
0.0000000000000000
0.0000000000000000
0.0000000000000000
0.0000000000000000
0.0000000000000000
0.0000000000000000
0.0000000000000000
0.0000000000000000
0.0000000000000000
0.0000000000000000
0.0000000000000000
0.0000000000000000
0.0000000000000000
0.0000000000000000
0.0000000000000000
0.0000000000000000
0.0000000000000000
0.0000000000000000
0.0000000000000000
0.0000000000000000
0.0000000000000000
0.0000000000000000
0.0000000000000000
0.0000000000000000
0.0000000000000000
0.0000000000000000
0.0000000000000000
0.0000000000000000
0.0000000000000000
0.0000000000000000
0.0000000000000000
0.0000000000000000
0.0000000000000000
0.0000000000000000
0.0000000000000000
0.0000000000000000
0.0000000000000000
0.0000000000000000
0.0000000000000000
0.0000000000000000
0.0000000000000000
0.0000000000000000
0.0000000000000000
0.0000000000000000
0.0000000000000000
0.0000000000000000
0.0000000000000000
0.0000000000000000
0.0000000000000000
0.0000000000000000
0.0000000000000000
0.0000000000000000
0.0000000000000000
0.0000000000000000
0.0000000000000000
0.0000000000000000
0.0000000000000000
0.0000000000000000
0.0000000000000000
0.0000000000000000
0.0000000000000000
0.0000000000000000
0.0000000000000000
0.0000000000000000
0.0000000000000000
0.0000000000000000
0.0000000000000000
0.0000000000000000
0.0000000000000000
0.0000000000000000
0.0000000000000000
0.0000000000000000
0.0000000000000000
0.0000000000000000
0.0000000000000000
0.0000000000000000
0.0000000000000000
0.0000000000000000
0.0000000000000000
0.0000000000000000
0.0000000000000000
0.0000000000000000
0.0000000000000000
0.0000000000000000
0.0000000000000000
0.0000000000000000
0.0000000000000000
0.0000000000000000
0.0000000000000000
0.0000000000000000
0.0000000000000000
0.0000000000000000
0.0000000000000000
0.0000000000000000
0.0000000000000000
0.0000000000000000
0.0000000000000000
0.0000000000000000
0.0000000000000000
0.0000000000000000
0.0000000000000000
0.0000000000000000
0.0000000000000000
0.0000000000000000
0.0000000000000000
0.0000000000000000
0.0000000000000000
0.0000000000000000
0.0000000000000000
0.0000000000000000
0.0000000000000000
0.0000000000000000
0.0000000000000000
0.0000000000000000
0.0000000000000000
0.0000000000000000
0.0000000000000000
0.0000000000000000
0.0000000000000000
0.0000000000000000
0.0000000000000000
0.0000000000000000
0.0000000000000000
0.0000000000000000
0.0000000000000000
0.0000000000000000
0.0000000000000000
0.0000000000000000
0.0000000000000000
0.0000000000000000
0.0000000000000000
0.0000000000000000
0.0000000000000000
0.0000000000000000
0.0000000000000000
0.0000000000000000
0.0000000000000000
0.0000000000000000
0.0000000000000000
0.0000000000000000
0.0000000000000000
0.0000000000000000
0.0000000000000000
0.0000000000000000
0.0000000000000000
0.0000000000000000
0.0000000000000000
0.0000000000000000
0.0000000000000000
0.0000000000000000
0.0000000000000000
0.0000000000000000
0.0000000000000000
0.0000000000000000
0.0000000000000000
0.0000000000000000
0.0000000000000000
0.0000000000000000
0.0000000000000000
0.0000000000000000
0.0000000000000000
0.0000000000000000
0.0000000000000000
0.0000000000000000
0.0000000000000000
0.0000000000000000
0.0000000000000000
0.0000000000000000
0.0000000000000000
0.0000000000000000
0.0000000000000000
0.0000000000000000
0.0000000000000000
0.0000000000000000
0.0000000000000000
0.0000000000000000
0.0000000000000000
0.0000000000000000
0.0000000000000000
0.0000000000000000
0.0000000000000000
0.0000000000000000
0.0000000000000000
0.0000000000000000
0.0000000000000000
0.0000000000000000
0.0000000000000000
0.0000000000000000
0.0000000000000000
0.0000000000000000
0.0000000000000000
0.0000000000000000
0.0000000000000000
0.0000000000000000
